"subject" "problem" "trial" "option" "outcome"
"4" 23 1 1 1 3
"5" 23 1 2 0 0
"12" 23 2 1 0 0
"13" 23 2 2 1 0
"14" 23 2 3 0 0
"15" 23 2 4 1 0
"16" 23 2 5 0 0
"17" 23 2 6 1 0
"18" 23 3 1 0 -3
"19" 23 3 2 1 0
"20" 23 3 3 0 -3
"21" 23 3 4 1 0
"22" 23 3 5 0 -3
"23" 23 3 6 1 -32
"24" 23 3 7 0 -3
"25" 23 3 8 1 -32
"26" 23 3 9 0 -3
"27" 23 3 10 1 0
"6" 23 4 1 0 -3
"7" 23 4 2 1 0
"8" 23 4 3 0 -3
"9" 23 4 4 1 -4
"10" 23 4 5 0 -3
"11" 23 4 6 1 -4
"1" 23 5 1 0 0
"2" 23 5 2 1 3
"3" 23 5 3 0 0
"28" 23 6 1 0 0
"29" 23 6 2 1 0
"30" 23 6 3 0 0
"31" 23 6 4 1 0
"32" 23 6 5 0 0
"33" 23 6 6 1 3
"34" 23 6 7 0 0
"35" 23 6 8 1 0
"82" 29 1 1 1 3
"83" 29 1 2 1 3
"84" 29 1 3 1 3
"85" 29 1 4 1 3
"86" 29 1 5 1 3
"87" 29 1 6 1 3
"88" 29 1 7 1 3
"89" 29 1 8 1 3
"90" 29 1 9 1 3
"91" 29 1 10 1 3
"92" 29 1 11 0 4
"93" 29 1 12 0 4
"94" 29 1 13 0 4
"95" 29 1 14 0 4
"96" 29 1 15 0 4
"97" 29 1 16 0 0
"98" 29 1 17 0 0
"99" 29 1 18 0 4
"100" 29 1 19 0 4
"101" 29 1 20 0 4
"187" 29 2 1 0 4
"188" 29 2 2 0 0
"189" 29 2 3 0 0
"190" 29 2 4 0 0
"191" 29 2 5 0 0
"192" 29 2 6 0 4
"193" 29 2 7 0 0
"194" 29 2 8 0 0
"195" 29 2 9 0 0
"196" 29 2 10 0 0
"197" 29 2 11 0 0
"198" 29 2 12 0 0
"199" 29 2 13 0 0
"200" 29 2 14 0 4
"201" 29 2 15 1 0
"202" 29 2 16 1 0
"203" 29 2 17 1 0
"204" 29 2 18 1 0
"205" 29 2 19 1 0
"206" 29 2 20 1 0
"207" 29 2 21 1 0
"208" 29 2 22 1 3
"145" 29 3 1 1 0
"146" 29 3 2 1 0
"147" 29 3 3 1 0
"148" 29 3 4 1 0
"149" 29 3 5 1 0
"150" 29 3 6 1 0
"151" 29 3 7 1 0
"152" 29 3 8 1 0
"153" 29 3 9 1 -32
"154" 29 3 10 1 0
"155" 29 3 11 1 0
"156" 29 3 12 1 0
"157" 29 3 13 1 0
"158" 29 3 14 1 0
"159" 29 3 15 1 0
"160" 29 3 16 1 0
"161" 29 3 17 1 0
"162" 29 3 18 1 0
"163" 29 3 19 1 0
"164" 29 3 20 1 0
"165" 29 3 21 1 -32
"166" 29 3 22 0 -3
"167" 29 3 23 0 -3
"168" 29 3 24 0 -3
"169" 29 3 25 0 -3
"170" 29 3 26 0 -3
"171" 29 3 27 0 -3
"172" 29 3 28 0 -3
"173" 29 3 29 0 -3
"174" 29 3 30 0 -3
"175" 29 3 31 0 -3
"176" 29 3 32 0 -3
"177" 29 3 33 0 -3
"178" 29 3 34 0 -3
"179" 29 3 35 0 -3
"180" 29 3 36 0 -3
"181" 29 3 37 0 -3
"182" 29 3 38 0 -3
"183" 29 3 39 0 -3
"184" 29 3 40 0 -3
"185" 29 3 41 0 -3
"186" 29 3 42 0 -3
"102" 29 4 1 1 -4
"103" 29 4 2 1 -4
"104" 29 4 3 1 -4
"105" 29 4 4 1 0
"106" 29 4 5 1 -4
"107" 29 4 6 0 -3
"108" 29 4 7 0 -3
"109" 29 4 8 0 -3
"110" 29 4 9 0 -3
"111" 29 4 10 0 -3
"112" 29 4 11 0 -3
"113" 29 4 12 0 -3
"114" 29 4 13 0 -3
"115" 29 4 14 0 -3
"116" 29 4 15 0 -3
"36" 29 5 1 0 0
"37" 29 5 2 1 3
"38" 29 5 3 0 0
"39" 29 5 4 1 3
"40" 29 5 5 1 3
"41" 29 5 6 0 0
"42" 29 5 7 0 0
"43" 29 5 8 0 0
"44" 29 5 9 0 32
"45" 29 5 10 0 0
"46" 29 5 11 0 32
"47" 29 5 12 0 0
"48" 29 5 13 0 0
"49" 29 5 14 0 0
"50" 29 5 15 0 32
"51" 29 5 16 0 0
"52" 29 5 17 0 0
"53" 29 5 18 0 0
"54" 29 5 19 0 0
"55" 29 5 20 0 32
"56" 29 5 21 0 0
"57" 29 5 22 0 0
"58" 29 5 23 0 0
"59" 29 5 24 0 0
"60" 29 5 25 0 0
"61" 29 5 26 0 0
"62" 29 5 27 0 0
"63" 29 5 28 0 0
"64" 29 5 29 0 32
"65" 29 5 30 1 3
"66" 29 5 31 1 3
"67" 29 5 32 1 3
"68" 29 5 33 1 3
"69" 29 5 34 1 3
"70" 29 5 35 1 3
"71" 29 5 36 0 0
"72" 29 5 37 0 0
"73" 29 5 38 0 0
"74" 29 5 39 0 0
"75" 29 5 40 0 0
"76" 29 5 41 0 0
"77" 29 5 42 0 0
"78" 29 5 43 0 0
"79" 29 5 44 0 0
"80" 29 5 45 0 0
"81" 29 5 46 0 32
"117" 29 6 1 1 0
"118" 29 6 2 1 0
"119" 29 6 3 1 0
"120" 29 6 4 1 3
"121" 29 6 5 1 0
"122" 29 6 6 1 0
"123" 29 6 7 1 0
"124" 29 6 8 1 3
"125" 29 6 9 0 32
"126" 29 6 10 0 0
"127" 29 6 11 0 0
"128" 29 6 12 0 0
"129" 29 6 13 0 0
"130" 29 6 14 0 0
"131" 29 6 15 0 0
"132" 29 6 16 0 0
"133" 29 6 17 0 0
"134" 29 6 18 0 0
"135" 29 6 19 0 0
"136" 29 6 20 0 0
"137" 29 6 21 0 0
"138" 29 6 22 0 0
"139" 29 6 23 0 0
"140" 29 6 24 0 0
"141" 29 6 25 0 0
"142" 29 6 26 0 0
"143" 29 6 27 0 0
"144" 29 6 28 0 0
"236" 30 1 1 0 4
"237" 30 1 2 0 4
"238" 30 1 3 0 4
"239" 30 1 4 0 0
"240" 30 1 5 1 3
"241" 30 1 6 1 3
"242" 30 1 7 1 3
"243" 30 1 8 1 3
"244" 30 1 9 1 3
"245" 30 1 10 1 3
"246" 30 1 11 1 3
"247" 30 1 12 1 3
"248" 30 1 13 1 3
"249" 30 1 14 1 3
"250" 30 1 15 1 3
"251" 30 2 1 1 0
"252" 30 2 2 1 0
"253" 30 2 3 1 0
"254" 30 2 4 1 0
"255" 30 2 5 1 0
"256" 30 2 6 1 0
"257" 30 2 7 1 3
"258" 30 2 8 1 0
"259" 30 2 9 1 0
"260" 30 2 10 1 0
"261" 30 2 11 1 0
"262" 30 2 12 1 3
"263" 30 2 13 0 0
"264" 30 2 14 0 0
"265" 30 2 15 0 0
"266" 30 2 16 0 0
"267" 30 2 17 0 0
"268" 30 2 18 0 0
"269" 30 2 19 0 0
"270" 30 2 20 0 4
"209" 30 3 1 0 -3
"210" 30 3 2 0 -3
"211" 30 3 3 1 0
"212" 30 3 4 0 -3
"213" 30 3 5 1 0
"214" 30 3 6 1 0
"215" 30 3 7 0 -3
"216" 30 3 8 0 -3
"217" 30 3 9 1 -32
"218" 30 3 10 0 -3
"219" 30 3 11 1 0
"220" 30 3 12 0 -3
"221" 30 3 13 1 0
"222" 30 3 14 0 -3
"223" 30 3 15 1 0
"224" 30 3 16 0 -3
"225" 30 3 17 1 0
"226" 30 3 18 0 -3
"227" 30 3 19 1 -32
"228" 30 3 20 1 0
"229" 30 3 21 1 0
"230" 30 3 22 1 0
"231" 30 3 23 1 0
"232" 30 3 24 1 0
"233" 30 3 25 1 0
"234" 30 3 26 1 0
"235" 30 3 27 1 -32
"287" 30 4 1 0 -3
"288" 30 4 2 0 -3
"289" 30 4 3 0 -3
"290" 30 4 4 0 -3
"291" 30 4 5 0 -3
"292" 30 4 6 0 -3
"293" 30 4 7 0 -3
"294" 30 4 8 0 -3
"295" 30 4 9 0 -3
"296" 30 4 10 0 -3
"297" 30 4 11 1 -4
"298" 30 4 12 1 -4
"299" 30 4 13 1 -4
"300" 30 4 14 1 -4
"301" 30 4 15 1 -4
"302" 30 4 16 1 0
"271" 30 5 1 1 3
"272" 30 5 2 1 3
"273" 30 5 3 1 3
"274" 30 5 4 1 3
"275" 30 5 5 1 3
"276" 30 5 6 1 3
"277" 30 5 7 1 3
"278" 30 5 8 1 3
"279" 30 5 9 1 3
"280" 30 5 10 1 3
"281" 30 5 11 1 3
"282" 30 5 12 1 3
"283" 30 5 13 0 0
"284" 30 5 14 0 0
"285" 30 5 15 0 0
"286" 30 5 16 0 32
"303" 30 6 1 1 0
"304" 30 6 2 1 0
"305" 30 6 3 1 3
"306" 30 6 4 1 0
"307" 30 6 5 1 0
"308" 30 6 6 1 0
"309" 30 6 7 1 0
"310" 30 6 8 1 3
"311" 30 6 9 1 0
"312" 30 6 10 1 3
"313" 30 6 11 0 0
"314" 30 6 12 0 0
"315" 30 6 13 0 0
"316" 30 6 14 0 0
"317" 30 6 15 0 0
"318" 30 6 16 0 0
"319" 30 6 17 0 32
"352" 31 1 1 1 3
"353" 31 1 2 1 3
"354" 31 1 3 1 3
"355" 31 1 4 1 3
"356" 31 1 5 1 3
"357" 31 1 6 1 3
"358" 31 1 7 1 3
"359" 31 1 8 0 4
"360" 31 1 9 0 4
"361" 31 1 10 0 4
"362" 31 1 11 0 4
"363" 31 1 12 0 4
"364" 31 1 13 0 4
"365" 31 2 1 0 0
"366" 31 2 2 0 0
"367" 31 2 3 0 0
"368" 31 2 4 0 4
"369" 31 2 5 0 4
"370" 31 2 6 0 0
"371" 31 2 7 0 0
"372" 31 2 8 0 0
"373" 31 2 9 0 0
"374" 31 2 10 1 0
"375" 31 2 11 1 0
"376" 31 2 12 1 3
"377" 31 2 13 1 0
"378" 31 2 14 1 0
"379" 31 2 15 1 0
"380" 31 2 16 1 0
"320" 31 3 1 1 0
"321" 31 3 2 1 0
"322" 31 3 3 0 -3
"323" 31 3 4 0 -3
"324" 31 3 5 1 0
"325" 31 3 6 1 0
"326" 31 3 7 1 0
"327" 31 3 8 1 0
"328" 31 3 9 0 -3
"329" 31 3 10 0 -3
"395" 31 4 1 0 -3
"396" 31 4 2 0 -3
"397" 31 4 3 0 -3
"398" 31 4 4 0 -3
"399" 31 4 5 0 -3
"400" 31 4 6 0 -3
"401" 31 4 7 0 -3
"402" 31 4 8 1 -4
"403" 31 4 9 1 -4
"404" 31 4 10 1 -4
"405" 31 4 11 1 -4
"406" 31 4 12 1 -4
"407" 31 4 13 1 -4
"381" 31 5 1 0 0
"382" 31 5 2 0 0
"383" 31 5 3 0 0
"384" 31 5 4 0 0
"385" 31 5 5 0 0
"386" 31 5 6 0 0
"387" 31 5 7 0 0
"388" 31 5 8 1 3
"389" 31 5 9 1 3
"390" 31 5 10 1 3
"391" 31 5 11 1 3
"392" 31 5 12 1 3
"393" 31 5 13 1 3
"394" 31 5 14 1 3
"330" 31 6 1 0 0
"331" 31 6 2 1 3
"332" 31 6 3 1 0
"333" 31 6 4 1 0
"334" 31 6 5 1 0
"335" 31 6 6 1 3
"336" 31 6 7 1 0
"337" 31 6 8 1 0
"338" 31 6 9 1 0
"339" 31 6 10 1 0
"340" 31 6 11 0 0
"341" 31 6 12 0 0
"342" 31 6 13 0 0
"343" 31 6 14 0 0
"344" 31 6 15 0 0
"345" 31 6 16 0 0
"346" 31 6 17 0 0
"347" 31 6 18 0 0
"348" 31 6 19 0 0
"349" 31 6 20 1 0
"350" 31 6 21 1 0
"351" 31 6 22 1 3
"458" 32 1 1 1 3
"459" 32 1 2 1 3
"460" 32 1 3 1 3
"461" 32 1 4 1 3
"462" 32 1 5 1 3
"463" 32 1 6 0 4
"464" 32 1 7 0 4
"465" 32 1 8 0 0
"466" 32 1 9 0 0
"467" 32 1 10 0 4
"468" 32 1 11 0 4
"469" 32 1 12 0 0
"470" 32 1 13 0 4
"471" 32 1 14 0 4
"472" 32 1 15 0 4
"473" 32 1 16 0 4
"474" 32 1 17 0 0
"475" 32 1 18 1 3
"476" 32 1 19 1 3
"477" 32 1 20 1 3
"478" 32 1 21 1 3
"479" 32 1 22 1 3
"408" 32 2 1 1 0
"409" 32 2 2 1 0
"410" 32 2 3 0 0
"411" 32 2 4 1 0
"412" 32 2 5 0 0
"413" 32 2 6 1 0
"414" 32 2 7 1 0
"415" 32 2 8 1 0
"416" 32 2 9 1 3
"417" 32 2 10 1 0
"418" 32 2 11 1 0
"419" 32 2 12 1 3
"420" 32 2 13 1 0
"421" 32 2 14 1 0
"422" 32 2 15 1 0
"423" 32 2 16 1 3
"424" 32 2 17 0 0
"425" 32 2 18 0 0
"426" 32 2 19 0 0
"427" 32 2 20 0 0
"428" 32 2 21 0 0
"429" 32 2 22 0 0
"430" 32 2 23 0 0
"431" 32 2 24 1 0
"432" 32 2 25 0 0
"433" 32 2 26 1 3
"434" 32 2 27 0 0
"435" 32 2 28 1 3
"436" 32 2 29 0 0
"437" 32 2 30 1 0
"438" 32 2 31 0 0
"439" 32 2 32 1 0
"440" 32 2 33 0 0
"441" 32 2 34 1 0
"442" 32 2 35 0 0
"443" 32 2 36 1 3
"444" 32 2 37 0 0
"445" 32 2 38 1 0
"446" 32 2 39 0 0
"447" 32 2 40 1 0
"448" 32 2 41 1 0
"449" 32 2 42 1 0
"450" 32 2 43 0 0
"451" 32 2 44 1 3
"452" 32 2 45 1 0
"453" 32 2 46 0 0
"454" 32 2 47 0 0
"455" 32 2 48 0 0
"456" 32 2 49 0 0
"457" 32 2 50 0 0
"630" 32 3 1 1 0
"631" 32 3 2 1 0
"632" 32 3 3 1 0
"633" 32 3 4 1 0
"634" 32 3 5 1 0
"635" 32 3 6 0 -3
"636" 32 3 7 0 -3
"637" 32 3 8 0 -3
"638" 32 3 9 0 -3
"639" 32 3 10 0 -3
"640" 32 3 11 0 -3
"641" 32 3 12 0 -3
"642" 32 3 13 0 -3
"643" 32 3 14 1 0
"644" 32 3 15 1 0
"645" 32 3 16 1 0
"646" 32 3 17 1 0
"647" 32 3 18 1 -32
"480" 32 4 1 0 -3
"481" 32 4 2 0 -3
"482" 32 4 3 0 -3
"483" 32 4 4 1 0
"484" 32 4 5 1 0
"485" 32 4 6 1 0
"486" 32 4 7 1 -4
"487" 32 4 8 1 -4
"488" 32 4 9 1 -4
"489" 32 4 10 1 -4
"490" 32 4 11 0 -3
"491" 32 4 12 0 -3
"492" 32 4 13 0 -3
"493" 32 4 14 0 -3
"494" 32 4 15 0 -3
"495" 32 4 16 1 -4
"496" 32 4 17 1 -4
"497" 32 4 18 1 -4
"498" 32 4 19 1 0
"499" 32 4 20 1 0
"500" 32 4 21 1 -4
"501" 32 4 22 1 -4
"502" 32 4 23 1 0
"503" 32 4 24 1 -4
"504" 32 4 25 1 -4
"505" 32 4 26 1 0
"506" 32 4 27 1 -4
"507" 32 4 28 1 -4
"508" 32 4 29 1 -4
"509" 32 4 30 1 0
"566" 32 5 1 0 0
"567" 32 5 2 0 0
"568" 32 5 3 0 0
"569" 32 5 4 0 0
"570" 32 5 5 0 0
"571" 32 5 6 0 0
"572" 32 5 7 0 0
"573" 32 5 8 0 0
"574" 32 5 9 0 0
"575" 32 5 10 0 0
"576" 32 5 11 0 0
"577" 32 5 12 1 3
"578" 32 5 13 1 3
"579" 32 5 14 1 3
"580" 32 5 15 1 3
"581" 32 5 16 1 3
"582" 32 5 17 1 3
"583" 32 5 18 1 3
"584" 32 5 19 1 3
"585" 32 5 20 1 3
"586" 32 5 21 1 3
"587" 32 5 22 0 32
"588" 32 5 23 0 0
"589" 32 5 24 0 0
"590" 32 5 25 0 0
"591" 32 5 26 0 0
"592" 32 5 27 1 3
"593" 32 5 28 1 3
"594" 32 5 29 1 3
"595" 32 5 30 0 0
"596" 32 5 31 0 0
"597" 32 5 32 0 0
"598" 32 5 33 0 0
"599" 32 5 34 0 0
"600" 32 5 35 0 32
"601" 32 5 36 0 0
"602" 32 5 37 0 0
"603" 32 5 38 0 0
"604" 32 5 39 0 0
"605" 32 5 40 0 0
"606" 32 5 41 0 0
"607" 32 5 42 0 0
"608" 32 5 43 0 0
"609" 32 5 44 0 0
"610" 32 5 45 0 0
"611" 32 5 46 0 0
"612" 32 5 47 0 0
"613" 32 5 48 0 0
"614" 32 5 49 0 0
"615" 32 5 50 1 3
"616" 32 5 51 1 3
"617" 32 5 52 0 0
"618" 32 5 53 0 0
"619" 32 5 54 0 0
"620" 32 5 55 0 0
"621" 32 5 56 1 3
"622" 32 5 57 1 3
"623" 32 5 58 1 3
"624" 32 5 59 1 3
"625" 32 5 60 0 0
"626" 32 5 61 0 0
"627" 32 5 62 0 32
"628" 32 5 63 0 0
"629" 32 5 64 0 0
"510" 32 6 1 0 0
"511" 32 6 2 0 0
"512" 32 6 3 0 0
"513" 32 6 4 0 0
"514" 32 6 5 0 0
"515" 32 6 6 0 0
"516" 32 6 7 0 0
"517" 32 6 8 0 0
"518" 32 6 9 0 0
"519" 32 6 10 1 0
"520" 32 6 11 1 0
"521" 32 6 12 1 0
"522" 32 6 13 1 0
"523" 32 6 14 1 3
"524" 32 6 15 1 3
"525" 32 6 16 1 0
"526" 32 6 17 1 0
"527" 32 6 18 1 0
"528" 32 6 19 1 0
"529" 32 6 20 0 0
"530" 32 6 21 0 0
"531" 32 6 22 0 0
"532" 32 6 23 0 0
"533" 32 6 24 0 32
"534" 32 6 25 0 0
"535" 32 6 26 0 0
"536" 32 6 27 0 0
"537" 32 6 28 0 0
"538" 32 6 29 0 0
"539" 32 6 30 0 0
"540" 32 6 31 0 0
"541" 32 6 32 0 0
"542" 32 6 33 0 0
"543" 32 6 34 0 0
"544" 32 6 35 0 0
"545" 32 6 36 0 0
"546" 32 6 37 0 0
"547" 32 6 38 0 0
"548" 32 6 39 0 0
"549" 32 6 40 0 0
"550" 32 6 41 0 0
"551" 32 6 42 0 0
"552" 32 6 43 0 0
"553" 32 6 44 0 0
"554" 32 6 45 0 0
"555" 32 6 46 0 0
"556" 32 6 47 0 0
"557" 32 6 48 1 3
"558" 32 6 49 1 0
"559" 32 6 50 1 3
"560" 32 6 51 1 3
"561" 32 6 52 1 0
"562" 32 6 53 0 0
"563" 32 6 54 0 0
"564" 32 6 55 0 0
"565" 32 6 56 0 0
"756" 33 1 1 1 3
"757" 33 1 2 0 4
"758" 33 1 3 1 3
"759" 33 1 4 0 4
"760" 33 1 5 1 3
"761" 33 1 6 0 0
"762" 33 1 7 1 3
"763" 33 1 8 0 4
"764" 33 1 9 1 3
"765" 33 1 10 0 4
"766" 33 1 11 1 3
"767" 33 1 12 0 4
"768" 33 1 13 1 3
"769" 33 1 14 0 4
"727" 33 2 1 1 3
"728" 33 2 2 0 4
"729" 33 2 3 1 3
"730" 33 2 4 0 0
"731" 33 2 5 1 0
"732" 33 2 6 0 0
"733" 33 2 7 1 0
"734" 33 2 8 0 0
"735" 33 2 9 1 3
"736" 33 2 10 0 0
"737" 33 2 11 1 0
"738" 33 2 12 0 0
"739" 33 2 13 1 0
"740" 33 2 14 0 0
"741" 33 2 15 1 0
"742" 33 2 16 1 0
"743" 33 2 17 1 3
"744" 33 2 18 1 3
"745" 33 2 19 1 0
"746" 33 2 20 1 0
"747" 33 2 21 1 0
"748" 33 2 22 1 0
"749" 33 2 23 0 0
"750" 33 2 24 0 0
"751" 33 2 25 0 4
"752" 33 2 26 0 4
"753" 33 2 27 0 0
"754" 33 2 28 0 0
"755" 33 2 29 0 4
"667" 33 3 1 0 -3
"668" 33 3 2 1 0
"669" 33 3 3 0 -3
"670" 33 3 4 1 0
"671" 33 3 5 0 -3
"672" 33 3 6 1 0
"673" 33 3 7 0 -3
"674" 33 3 8 1 -32
"675" 33 3 9 0 -3
"676" 33 3 10 1 0
"677" 33 3 11 0 -3
"678" 33 3 12 1 0
"679" 33 3 13 0 -3
"680" 33 3 14 1 0
"681" 33 3 15 0 -3
"682" 33 3 16 1 0
"683" 33 3 17 0 -3
"684" 33 3 18 1 -32
"685" 33 3 19 0 -3
"686" 33 3 20 1 0
"687" 33 3 21 0 -3
"688" 33 3 22 1 -32
"705" 33 4 1 0 -3
"706" 33 4 2 1 0
"707" 33 4 3 0 -3
"708" 33 4 4 1 -4
"709" 33 4 5 0 -3
"710" 33 4 6 1 0
"711" 33 4 7 0 -3
"712" 33 4 8 1 -4
"713" 33 4 9 0 -3
"714" 33 4 10 1 -4
"715" 33 4 11 0 -3
"716" 33 4 12 1 -4
"717" 33 4 13 0 -3
"718" 33 4 14 1 -4
"719" 33 4 15 0 -3
"720" 33 4 16 1 0
"721" 33 4 17 0 -3
"722" 33 4 18 1 -4
"723" 33 4 19 0 -3
"724" 33 4 20 1 -4
"725" 33 4 21 0 -3
"726" 33 4 22 1 -4
"648" 33 5 1 1 3
"649" 33 5 2 1 3
"650" 33 5 3 0 0
"651" 33 5 4 1 3
"652" 33 5 5 0 32
"653" 33 5 6 1 3
"654" 33 5 7 0 32
"655" 33 5 8 1 3
"656" 33 5 9 0 0
"657" 33 5 10 1 3
"658" 33 5 11 0 0
"659" 33 5 12 1 3
"660" 33 5 13 0 0
"661" 33 5 14 1 3
"662" 33 5 15 0 0
"663" 33 5 16 1 3
"664" 33 5 17 0 0
"665" 33 5 18 1 3
"666" 33 5 19 0 0
"689" 33 6 1 0 0
"690" 33 6 2 1 0
"691" 33 6 3 0 0
"692" 33 6 4 1 0
"693" 33 6 5 0 0
"694" 33 6 6 1 0
"695" 33 6 7 0 0
"696" 33 6 8 1 0
"697" 33 6 9 0 0
"698" 33 6 10 1 0
"699" 33 6 11 0 0
"700" 33 6 12 1 3
"701" 33 6 13 0 0
"702" 33 6 14 1 0
"703" 33 6 15 0 0
"704" 33 6 16 1 3
"967" 34 1 1 0 4
"968" 34 1 2 1 3
"969" 34 1 3 0 4
"970" 34 1 4 1 3
"971" 34 1 5 0 4
"972" 34 1 6 1 3
"973" 34 1 7 0 4
"974" 34 1 8 1 3
"975" 34 1 9 0 4
"976" 34 1 10 1 3
"977" 34 1 11 0 4
"978" 34 1 12 1 3
"979" 34 1 13 0 4
"980" 34 1 14 0 4
"981" 34 1 15 0 4
"982" 34 1 16 1 3
"983" 34 1 17 0 0
"984" 34 1 18 1 3
"985" 34 1 19 0 4
"986" 34 1 20 1 3
"987" 34 1 21 0 0
"988" 34 1 22 1 3
"989" 34 1 23 0 4
"990" 34 1 24 1 3
"991" 34 1 25 0 4
"836" 34 2 1 1 3
"837" 34 2 2 0 4
"838" 34 2 3 1 3
"839" 34 2 4 0 0
"840" 34 2 5 1 0
"841" 34 2 6 0 0
"842" 34 2 7 1 0
"843" 34 2 8 1 3
"844" 34 2 9 1 0
"845" 34 2 10 1 0
"846" 34 2 11 1 0
"847" 34 2 12 0 0
"848" 34 2 13 0 0
"849" 34 2 14 0 4
"850" 34 2 15 0 0
"851" 34 2 16 0 0
"852" 34 2 17 1 0
"853" 34 2 18 0 0
"854" 34 2 19 1 0
"855" 34 2 20 0 0
"856" 34 2 21 1 0
"857" 34 2 22 0 0
"858" 34 2 23 1 0
"859" 34 2 24 0 0
"860" 34 2 25 1 3
"861" 34 2 26 0 0
"862" 34 2 27 1 0
"863" 34 2 28 0 4
"864" 34 2 29 1 0
"865" 34 2 30 0 4
"866" 34 2 31 1 0
"867" 34 2 32 0 0
"868" 34 3 1 1 0
"869" 34 3 2 0 -3
"870" 34 3 3 1 0
"871" 34 3 4 0 -3
"872" 34 3 5 1 0
"873" 34 3 6 0 -3
"874" 34 3 7 1 0
"875" 34 3 8 0 -3
"876" 34 3 9 1 0
"877" 34 3 10 0 -3
"878" 34 3 11 1 -32
"879" 34 3 12 0 -3
"880" 34 3 13 1 0
"881" 34 3 14 0 -3
"882" 34 3 15 1 0
"883" 34 3 16 0 -3
"884" 34 3 17 0 -3
"885" 34 3 18 0 -3
"886" 34 3 19 0 -3
"887" 34 3 20 0 -3
"888" 34 3 21 0 -3
"889" 34 3 22 0 -3
"890" 34 3 23 0 -3
"891" 34 3 24 0 -3
"892" 34 3 25 0 -3
"893" 34 3 26 1 0
"894" 34 3 27 1 0
"895" 34 3 28 1 0
"896" 34 3 29 1 0
"897" 34 3 30 1 0
"898" 34 3 31 1 0
"899" 34 3 32 1 0
"900" 34 3 33 0 -3
"901" 34 3 34 1 0
"902" 34 3 35 0 -3
"903" 34 3 36 1 0
"904" 34 3 37 0 -3
"905" 34 3 38 1 0
"992" 34 4 1 0 -3
"993" 34 4 2 1 -4
"994" 34 4 3 0 -3
"995" 34 4 4 1 -4
"996" 34 4 5 0 -3
"997" 34 4 6 1 0
"998" 34 4 7 0 -3
"999" 34 4 8 0 -3
"1000" 34 4 9 0 -3
"1001" 34 4 10 0 -3
"1002" 34 4 11 0 -3
"1003" 34 4 12 0 -3
"1004" 34 4 13 1 -4
"1005" 34 4 14 0 -3
"1006" 34 4 15 0 -3
"1007" 34 4 16 0 -3
"1008" 34 4 17 1 -4
"1009" 34 4 18 0 -3
"1010" 34 4 19 1 -4
"1011" 34 4 20 1 -4
"1012" 34 4 21 1 0
"1013" 34 4 22 1 -4
"1014" 34 4 23 1 -4
"1015" 34 4 24 1 -4
"1016" 34 4 25 1 -4
"1017" 34 4 26 1 -4
"1018" 34 4 27 1 -4
"1019" 34 4 28 0 -3
"1020" 34 4 29 1 0
"1021" 34 4 30 1 -4
"1022" 34 4 31 1 -4
"1023" 34 4 32 1 -4
"1024" 34 4 33 1 -4
"1025" 34 4 34 1 -4
"1026" 34 4 35 0 -3
"1027" 34 4 36 1 0
"1028" 34 4 37 1 -4
"1029" 34 4 38 0 -3
"1030" 34 4 39 1 -4
"1031" 34 4 40 1 -4
"1032" 34 4 41 1 -4
"1033" 34 4 42 1 -4
"770" 34 5 1 0 0
"771" 34 5 2 1 3
"772" 34 5 3 1 3
"773" 34 5 4 1 3
"774" 34 5 5 0 0
"775" 34 5 6 0 0
"776" 34 5 7 1 3
"777" 34 5 8 0 0
"778" 34 5 9 1 3
"779" 34 5 10 0 32
"780" 34 5 11 1 3
"781" 34 5 12 0 0
"782" 34 5 13 1 3
"783" 34 5 14 1 3
"784" 34 5 15 1 3
"785" 34 5 16 0 0
"786" 34 5 17 0 0
"787" 34 5 18 0 0
"788" 34 5 19 0 0
"789" 34 5 20 0 0
"790" 34 5 21 0 0
"791" 34 5 22 0 0
"792" 34 5 23 0 0
"793" 34 5 24 0 0
"794" 34 5 25 0 0
"795" 34 5 26 0 0
"796" 34 5 27 0 0
"797" 34 5 28 0 0
"798" 34 5 29 0 0
"799" 34 5 30 0 0
"800" 34 5 31 0 0
"801" 34 5 32 0 0
"802" 34 5 33 0 0
"803" 34 5 34 0 0
"804" 34 5 35 0 0
"805" 34 5 36 1 3
"806" 34 5 37 1 3
"807" 34 5 38 1 3
"808" 34 5 39 0 0
"809" 34 5 40 1 3
"810" 34 5 41 1 3
"811" 34 5 42 1 3
"812" 34 5 43 0 0
"813" 34 5 44 1 3
"814" 34 5 45 1 3
"815" 34 5 46 1 3
"816" 34 5 47 0 0
"817" 34 5 48 1 3
"818" 34 5 49 1 3
"819" 34 5 50 1 3
"820" 34 5 51 0 0
"821" 34 5 52 1 3
"822" 34 5 53 0 32
"823" 34 5 54 1 3
"824" 34 5 55 0 0
"825" 34 5 56 1 3
"826" 34 5 57 1 3
"827" 34 5 58 1 3
"828" 34 5 59 1 3
"829" 34 5 60 0 0
"830" 34 5 61 1 3
"831" 34 5 62 1 3
"832" 34 5 63 1 3
"833" 34 5 64 1 3
"834" 34 5 65 1 3
"835" 34 5 66 0 32
"906" 34 6 1 0 0
"907" 34 6 2 1 0
"908" 34 6 3 0 0
"909" 34 6 4 1 3
"910" 34 6 5 0 0
"911" 34 6 6 1 3
"912" 34 6 7 0 0
"913" 34 6 8 1 0
"914" 34 6 9 0 0
"915" 34 6 10 1 0
"916" 34 6 11 1 0
"917" 34 6 12 1 0
"918" 34 6 13 0 0
"919" 34 6 14 1 3
"920" 34 6 15 0 0
"921" 34 6 16 1 3
"922" 34 6 17 0 0
"923" 34 6 18 1 0
"924" 34 6 19 0 0
"925" 34 6 20 1 0
"926" 34 6 21 0 0
"927" 34 6 22 1 0
"928" 34 6 23 0 0
"929" 34 6 24 1 0
"930" 34 6 25 0 0
"931" 34 6 26 0 0
"932" 34 6 27 0 0
"933" 34 6 28 0 0
"934" 34 6 29 0 0
"935" 34 6 30 1 0
"936" 34 6 31 1 0
"937" 34 6 32 1 0
"938" 34 6 33 1 0
"939" 34 6 34 1 3
"940" 34 6 35 0 0
"941" 34 6 36 1 0
"942" 34 6 37 0 0
"943" 34 6 38 1 3
"944" 34 6 39 0 0
"945" 34 6 40 1 0
"946" 34 6 41 0 0
"947" 34 6 42 1 3
"948" 34 6 43 0 0
"949" 34 6 44 1 0
"950" 34 6 45 0 0
"951" 34 6 46 1 0
"952" 34 6 47 0 0
"953" 34 6 48 1 0
"954" 34 6 49 0 0
"955" 34 6 50 1 0
"956" 34 6 51 0 0
"957" 34 6 52 1 3
"958" 34 6 53 0 0
"959" 34 6 54 1 3
"960" 34 6 55 0 0
"961" 34 6 56 1 3
"962" 34 6 57 0 0
"963" 34 6 58 1 3
"964" 34 6 59 0 0
"965" 34 6 60 1 3
"966" 34 6 61 0 0
"1077" 37 1 1 1 3
"1078" 37 1 2 0 4
"1079" 37 1 3 1 3
"1080" 37 1 4 0 4
"1081" 37 1 5 0 0
"1082" 37 1 6 0 4
"1083" 37 1 7 1 3
"1084" 37 1 8 1 3
"1085" 37 1 9 1 3
"1070" 37 2 1 0 0
"1071" 37 2 2 1 0
"1072" 37 2 3 0 0
"1073" 37 2 4 0 0
"1074" 37 2 5 0 0
"1075" 37 2 6 1 3
"1076" 37 2 7 1 0
"1052" 37 3 1 1 0
"1053" 37 3 2 0 -3
"1054" 37 3 3 1 -32
"1055" 37 3 4 0 -3
"1056" 37 3 5 1 0
"1057" 37 3 6 0 -3
"1058" 37 3 7 1 0
"1059" 37 3 8 1 0
"1060" 37 3 9 1 0
"1061" 37 3 10 1 0
"1062" 37 3 11 1 -32
"1063" 37 3 12 1 0
"1036" 37 4 1 0 -3
"1037" 37 4 2 1 0
"1038" 37 4 3 0 -3
"1039" 37 4 4 1 -4
"1040" 37 4 5 1 0
"1041" 37 4 6 1 -4
"1042" 37 4 7 1 -4
"1043" 37 4 8 1 -4
"1044" 37 4 9 0 -3
"1045" 37 4 10 0 -3
"1046" 37 4 11 1 -4
"1047" 37 4 12 0 -3
"1048" 37 4 13 1 0
"1049" 37 4 14 0 -3
"1050" 37 4 15 1 -4
"1051" 37 4 16 0 -3
"1064" 37 5 1 1 3
"1065" 37 5 2 0 0
"1066" 37 5 3 1 3
"1067" 37 5 4 0 0
"1068" 37 5 5 0 0
"1069" 37 5 6 1 3
"1034" 37 6 1 0 0
"1035" 37 6 2 1 0
"1220" 38 1 1 1 3
"1221" 38 1 2 1 3
"1222" 38 1 3 1 3
"1223" 38 1 4 1 3
"1224" 38 1 5 1 3
"1225" 38 1 6 1 3
"1226" 38 1 7 1 3
"1227" 38 1 8 1 3
"1228" 38 1 9 1 3
"1229" 38 1 10 1 3
"1230" 38 1 11 0 4
"1231" 38 1 12 0 0
"1232" 38 1 13 0 4
"1233" 38 1 14 0 4
"1234" 38 1 15 0 4
"1235" 38 1 16 0 4
"1236" 38 1 17 0 4
"1237" 38 1 18 0 4
"1238" 38 1 19 0 0
"1239" 38 1 20 0 4
"1240" 38 1 21 0 0
"1241" 38 1 22 0 4
"1242" 38 1 23 1 3
"1243" 38 1 24 1 3
"1244" 38 1 25 1 3
"1245" 38 1 26 1 3
"1246" 38 1 27 1 3
"1247" 38 1 28 1 3
"1086" 38 2 1 1 0
"1087" 38 2 2 0 0
"1088" 38 2 3 0 0
"1089" 38 2 4 0 4
"1090" 38 2 5 1 0
"1091" 38 2 6 0 4
"1092" 38 2 7 1 3
"1093" 38 2 8 0 0
"1094" 38 2 9 1 0
"1095" 38 2 10 1 0
"1096" 38 2 11 1 0
"1097" 38 2 12 0 0
"1098" 38 2 13 0 0
"1099" 38 2 14 0 4
"1100" 38 2 15 0 4
"1101" 38 2 16 1 0
"1102" 38 2 17 0 0
"1103" 38 2 18 1 0
"1104" 38 2 19 1 3
"1105" 38 2 20 1 0
"1106" 38 2 21 0 4
"1107" 38 2 22 0 4
"1108" 38 2 23 0 0
"1109" 38 2 24 0 4
"1110" 38 2 25 0 0
"1111" 38 2 26 1 0
"1112" 38 2 27 1 0
"1113" 38 2 28 1 3
"1114" 38 2 29 1 0
"1115" 38 2 30 1 3
"1116" 38 2 31 1 0
"1117" 38 2 32 0 0
"1118" 38 2 33 0 0
"1119" 38 2 34 0 0
"1120" 38 2 35 0 0
"1121" 38 2 36 0 0
"1122" 38 2 37 0 0
"1123" 38 2 38 1 0
"1124" 38 2 39 1 0
"1125" 38 2 40 1 0
"1126" 38 2 41 1 3
"1127" 38 2 42 1 0
"1128" 38 2 43 0 0
"1129" 38 2 44 1 0
"1130" 38 2 45 0 0
"1131" 38 2 46 1 0
"1132" 38 2 47 1 0
"1133" 38 2 48 1 0
"1134" 38 2 49 1 3
"1135" 38 2 50 1 0
"1136" 38 2 51 1 0
"1137" 38 3 1 0 -3
"1138" 38 3 2 0 -3
"1139" 38 3 3 1 0
"1140" 38 3 4 1 0
"1141" 38 3 5 1 0
"1142" 38 3 6 1 0
"1143" 38 3 7 1 0
"1144" 38 3 8 1 0
"1145" 38 3 9 1 0
"1146" 38 3 10 1 0
"1147" 38 3 11 1 0
"1148" 38 3 12 0 -3
"1149" 38 3 13 1 0
"1150" 38 3 14 0 -3
"1151" 38 3 15 1 0
"1152" 38 3 16 0 -3
"1153" 38 3 17 0 -3
"1154" 38 3 18 0 -3
"1155" 38 3 19 0 -3
"1156" 38 3 20 0 -3
"1157" 38 3 21 0 -3
"1158" 38 3 22 0 -3
"1159" 38 3 23 0 -3
"1160" 38 3 24 0 -3
"1161" 38 3 25 0 -3
"1162" 38 3 26 1 0
"1163" 38 3 27 1 0
"1164" 38 3 28 1 0
"1165" 38 3 29 1 0
"1166" 38 3 30 1 0
"1167" 38 3 31 1 0
"1168" 38 3 32 1 0
"1169" 38 3 33 1 0
"1170" 38 3 34 1 0
"1171" 38 3 35 1 0
"1198" 38 4 1 1 -4
"1199" 38 4 2 1 0
"1200" 38 4 3 1 -4
"1201" 38 4 4 1 -4
"1202" 38 4 5 1 0
"1203" 38 4 6 1 -4
"1204" 38 4 7 1 -4
"1205" 38 4 8 1 -4
"1206" 38 4 9 1 -4
"1207" 38 4 10 0 -3
"1208" 38 4 11 0 -3
"1209" 38 4 12 0 -3
"1210" 38 4 13 0 -3
"1211" 38 4 14 0 -3
"1212" 38 4 15 0 -3
"1213" 38 4 16 0 -3
"1214" 38 4 17 0 -3
"1215" 38 4 18 0 -3
"1216" 38 4 19 0 -3
"1217" 38 4 20 0 -3
"1218" 38 4 21 0 -3
"1219" 38 4 22 0 -3
"1172" 38 5 1 1 3
"1173" 38 5 2 1 3
"1174" 38 5 3 1 3
"1175" 38 5 4 1 3
"1176" 38 5 5 1 3
"1177" 38 5 6 0 0
"1178" 38 5 7 0 0
"1179" 38 5 8 0 0
"1180" 38 5 9 0 0
"1181" 38 5 10 0 0
"1182" 38 6 1 0 0
"1183" 38 6 2 0 0
"1184" 38 6 3 0 0
"1185" 38 6 4 0 0
"1186" 38 6 5 0 0
"1187" 38 6 6 0 0
"1188" 38 6 7 0 0
"1189" 38 6 8 0 0
"1190" 38 6 9 1 0
"1191" 38 6 10 1 3
"1192" 38 6 11 1 0
"1193" 38 6 12 1 0
"1194" 38 6 13 1 0
"1195" 38 6 14 1 0
"1196" 38 6 15 1 3
"1197" 38 6 16 1 3
"1431" 39 1 1 0 4
"1432" 39 1 2 0 0
"1433" 39 1 3 0 0
"1434" 39 1 4 0 4
"1435" 39 1 5 0 4
"1436" 39 1 6 0 4
"1437" 39 1 7 0 4
"1438" 39 1 8 0 4
"1439" 39 1 9 0 4
"1440" 39 1 10 1 3
"1441" 39 1 11 1 3
"1442" 39 1 12 1 3
"1443" 39 1 13 1 3
"1248" 39 2 1 0 0
"1249" 39 2 2 0 0
"1250" 39 2 3 0 4
"1251" 39 2 4 0 0
"1252" 39 2 5 0 0
"1253" 39 2 6 0 4
"1254" 39 2 7 0 0
"1255" 39 2 8 1 3
"1256" 39 2 9 1 0
"1257" 39 2 10 1 0
"1258" 39 2 11 1 3
"1259" 39 2 12 1 3
"1260" 39 2 13 1 0
"1261" 39 2 14 1 0
"1262" 39 2 15 1 0
"1263" 39 2 16 1 0
"1264" 39 2 17 1 0
"1265" 39 2 18 1 3
"1266" 39 2 19 1 3
"1267" 39 2 20 1 0
"1268" 39 2 21 1 3
"1269" 39 2 22 1 0
"1270" 39 2 23 1 3
"1271" 39 2 24 1 0
"1272" 39 2 25 1 0
"1273" 39 2 26 1 0
"1274" 39 2 27 1 0
"1275" 39 2 28 1 3
"1276" 39 2 29 1 3
"1277" 39 2 30 1 3
"1278" 39 2 31 1 3
"1279" 39 2 32 1 0
"1280" 39 3 1 1 0
"1281" 39 3 2 1 0
"1282" 39 3 3 1 0
"1283" 39 3 4 1 0
"1284" 39 3 5 1 0
"1285" 39 3 6 1 0
"1286" 39 3 7 1 0
"1287" 39 3 8 1 0
"1288" 39 3 9 1 0
"1289" 39 3 10 1 0
"1290" 39 3 11 1 0
"1291" 39 3 12 1 0
"1292" 39 3 13 1 0
"1293" 39 3 14 1 0
"1294" 39 3 15 1 0
"1295" 39 3 16 1 0
"1296" 39 3 17 1 0
"1297" 39 3 18 1 0
"1298" 39 3 19 1 0
"1299" 39 3 20 1 0
"1300" 39 3 21 1 0
"1301" 39 3 22 0 -3
"1302" 39 3 23 0 -3
"1303" 39 3 24 0 -3
"1304" 39 3 25 0 -3
"1305" 39 3 26 0 -3
"1306" 39 3 27 0 -3
"1307" 39 3 28 0 -3
"1308" 39 3 29 0 -3
"1309" 39 3 30 0 -3
"1310" 39 3 31 0 -3
"1311" 39 3 32 0 -3
"1365" 39 4 1 0 -3
"1366" 39 4 2 0 -3
"1367" 39 4 3 0 -3
"1368" 39 4 4 0 -3
"1369" 39 4 5 0 -3
"1370" 39 4 6 0 -3
"1371" 39 4 7 0 -3
"1372" 39 4 8 0 -3
"1373" 39 4 9 0 -3
"1374" 39 4 10 0 -3
"1375" 39 4 11 0 -3
"1376" 39 4 12 1 0
"1377" 39 4 13 1 -4
"1378" 39 4 14 1 -4
"1379" 39 4 15 1 0
"1380" 39 4 16 1 -4
"1381" 39 4 17 1 -4
"1382" 39 4 18 1 0
"1383" 39 4 19 1 -4
"1384" 39 4 20 1 -4
"1385" 39 4 21 1 -4
"1386" 39 4 22 1 -4
"1387" 39 4 23 1 -4
"1388" 39 4 24 1 -4
"1389" 39 4 25 1 -4
"1390" 39 4 26 1 -4
"1391" 39 4 27 1 -4
"1392" 39 4 28 1 -4
"1393" 39 4 29 1 0
"1394" 39 4 30 1 0
"1395" 39 4 31 1 -4
"1396" 39 4 32 1 -4
"1397" 39 4 33 1 -4
"1398" 39 5 1 1 3
"1399" 39 5 2 1 3
"1400" 39 5 3 1 3
"1401" 39 5 4 1 3
"1402" 39 5 5 1 3
"1403" 39 5 6 1 3
"1404" 39 5 7 1 3
"1405" 39 5 8 1 3
"1406" 39 5 9 0 0
"1407" 39 5 10 0 0
"1408" 39 5 11 0 0
"1409" 39 5 12 0 0
"1410" 39 5 13 0 0
"1411" 39 5 14 0 0
"1412" 39 5 15 0 0
"1413" 39 5 16 0 0
"1414" 39 5 17 0 0
"1415" 39 5 18 0 0
"1416" 39 5 19 0 0
"1417" 39 5 20 0 0
"1418" 39 5 21 0 0
"1419" 39 5 22 0 0
"1420" 39 5 23 0 0
"1421" 39 5 24 0 0
"1422" 39 5 25 0 0
"1423" 39 5 26 0 0
"1424" 39 5 27 0 0
"1425" 39 5 28 0 0
"1426" 39 5 29 0 0
"1427" 39 5 30 0 0
"1428" 39 5 31 0 0
"1429" 39 5 32 0 0
"1430" 39 5 33 0 0
"1312" 39 6 1 1 0
"1313" 39 6 2 1 0
"1314" 39 6 3 1 0
"1315" 39 6 4 1 0
"1316" 39 6 5 1 3
"1317" 39 6 6 1 0
"1318" 39 6 7 1 0
"1319" 39 6 8 1 0
"1320" 39 6 9 1 0
"1321" 39 6 10 1 0
"1322" 39 6 11 1 0
"1323" 39 6 12 1 3
"1324" 39 6 13 1 0
"1325" 39 6 14 1 0
"1326" 39 6 15 1 0
"1327" 39 6 16 1 0
"1328" 39 6 17 1 0
"1329" 39 6 18 1 0
"1330" 39 6 19 1 0
"1331" 39 6 20 1 0
"1332" 39 6 21 1 0
"1333" 39 6 22 1 0
"1334" 39 6 23 1 3
"1335" 39 6 24 0 0
"1336" 39 6 25 0 0
"1337" 39 6 26 0 0
"1338" 39 6 27 0 0
"1339" 39 6 28 0 32
"1340" 39 6 29 0 0
"1341" 39 6 30 0 0
"1342" 39 6 31 0 0
"1343" 39 6 32 0 0
"1344" 39 6 33 0 0
"1345" 39 6 34 0 0
"1346" 39 6 35 0 0
"1347" 39 6 36 0 0
"1348" 39 6 37 0 0
"1349" 39 6 38 0 0
"1350" 39 6 39 0 0
"1351" 39 6 40 0 0
"1352" 39 6 41 0 0
"1353" 39 6 42 0 0
"1354" 39 6 43 0 0
"1355" 39 6 44 0 0
"1356" 39 6 45 0 0
"1357" 39 6 46 0 0
"1358" 39 6 47 0 0
"1359" 39 6 48 0 32
"1360" 39 6 49 1 0
"1361" 39 6 50 1 3
"1362" 39 6 51 1 0
"1363" 39 6 52 1 0
"1364" 39 6 53 1 0
"1487" 41 1 1 0 4
"1488" 41 1 2 1 3
"1489" 41 1 3 0 4
"1490" 41 1 4 1 3
"1469" 41 2 1 0 0
"1470" 41 2 2 1 0
"1471" 41 2 3 0 0
"1472" 41 2 4 1 0
"1473" 41 2 5 0 0
"1474" 41 2 6 1 0
"1475" 41 2 7 0 0
"1476" 41 2 8 1 0
"1452" 41 3 1 1 -32
"1453" 41 3 2 0 -3
"1454" 41 3 3 0 -3
"1455" 41 3 4 0 -3
"1456" 41 3 5 1 0
"1457" 41 3 6 0 -3
"1458" 41 3 7 1 0
"1459" 41 3 8 0 -3
"1460" 41 3 9 1 0
"1444" 41 4 1 0 -3
"1445" 41 4 2 1 0
"1446" 41 4 3 0 -3
"1447" 41 4 4 1 -4
"1448" 41 4 5 0 -3
"1449" 41 4 6 1 -4
"1450" 41 4 7 0 -3
"1451" 41 4 8 1 -4
"1461" 41 5 1 1 3
"1462" 41 5 2 0 0
"1463" 41 5 3 1 3
"1464" 41 5 4 0 0
"1465" 41 5 5 1 3
"1466" 41 5 6 0 0
"1467" 41 5 7 1 3
"1468" 41 5 8 0 0
"1477" 41 6 1 0 0
"1478" 41 6 2 1 3
"1479" 41 6 3 0 0
"1480" 41 6 4 1 3
"1481" 41 6 5 0 0
"1482" 41 6 6 1 0
"1483" 41 6 7 0 0
"1484" 41 6 8 1 0
"1485" 41 6 9 0 0
"1486" 41 6 10 1 0
"1636" 42 1 1 0 4
"1637" 42 1 2 0 4
"1638" 42 1 3 0 4
"1639" 42 1 4 0 4
"1640" 42 1 5 0 4
"1641" 42 1 6 0 4
"1642" 42 1 7 0 4
"1643" 42 1 8 1 3
"1644" 42 1 9 1 3
"1645" 42 1 10 1 3
"1646" 42 1 11 1 3
"1647" 42 1 12 1 3
"1648" 42 1 13 1 3
"1649" 42 1 14 1 3
"1650" 42 1 15 1 3
"1651" 42 1 16 1 3
"1652" 42 1 17 1 3
"1653" 42 1 18 1 3
"1654" 42 1 19 0 4
"1655" 42 1 20 0 4
"1617" 42 2 1 1 0
"1618" 42 2 2 1 3
"1619" 42 2 3 1 3
"1620" 42 2 4 1 0
"1621" 42 2 5 1 0
"1622" 42 2 6 1 0
"1623" 42 2 7 1 3
"1624" 42 2 8 0 0
"1625" 42 2 9 0 0
"1626" 42 2 10 0 0
"1627" 42 2 11 0 0
"1628" 42 2 12 0 0
"1629" 42 2 13 0 0
"1630" 42 2 14 0 4
"1631" 42 2 15 0 0
"1632" 42 2 16 0 4
"1633" 42 2 17 0 0
"1634" 42 2 18 0 0
"1635" 42 2 19 1 3
"1570" 42 3 1 0 -3
"1571" 42 3 2 0 -3
"1572" 42 3 3 0 -3
"1573" 42 3 4 1 0
"1574" 42 3 5 0 -3
"1575" 42 3 6 1 0
"1576" 42 3 7 0 -3
"1577" 42 3 8 1 0
"1578" 42 3 9 0 -3
"1579" 42 3 10 0 -3
"1580" 42 3 11 0 -3
"1581" 42 3 12 0 -3
"1582" 42 3 13 0 -3
"1583" 42 3 14 0 -3
"1584" 42 3 15 0 -3
"1585" 42 3 16 0 -3
"1586" 42 3 17 1 0
"1587" 42 3 18 1 0
"1491" 42 4 1 0 -3
"1492" 42 4 2 1 0
"1493" 42 4 3 0 -3
"1494" 42 4 4 1 -4
"1495" 42 4 5 1 -4
"1496" 42 4 6 1 -4
"1497" 42 4 7 1 -4
"1498" 42 4 8 0 -3
"1499" 42 4 9 0 -3
"1500" 42 4 10 0 -3
"1501" 42 4 11 1 -4
"1502" 42 4 12 0 -3
"1503" 42 4 13 1 -4
"1504" 42 4 14 0 -3
"1505" 42 4 15 0 -3
"1506" 42 4 16 1 -4
"1507" 42 4 17 1 -4
"1508" 42 4 18 0 -3
"1509" 42 4 19 0 -3
"1510" 42 4 20 0 -3
"1511" 42 4 21 0 -3
"1512" 42 4 22 1 -4
"1513" 42 4 23 0 -3
"1514" 42 4 24 1 -4
"1515" 42 4 25 1 -4
"1516" 42 4 26 1 -4
"1517" 42 4 27 1 -4
"1518" 42 4 28 1 0
"1519" 42 4 29 1 0
"1520" 42 4 30 1 -4
"1521" 42 4 31 1 -4
"1522" 42 4 32 0 -3
"1523" 42 4 33 0 -3
"1524" 42 4 34 0 -3
"1525" 42 4 35 0 -3
"1526" 42 4 36 0 -3
"1527" 42 4 37 0 -3
"1528" 42 4 38 0 -3
"1529" 42 4 39 0 -3
"1530" 42 4 40 0 -3
"1531" 42 4 41 0 -3
"1532" 42 4 42 0 -3
"1533" 42 4 43 0 -3
"1534" 42 4 44 0 -3
"1535" 42 4 45 1 -4
"1536" 42 5 1 1 3
"1537" 42 5 2 1 3
"1538" 42 5 3 1 3
"1539" 42 5 4 1 3
"1540" 42 5 5 1 3
"1541" 42 5 6 1 3
"1542" 42 5 7 0 0
"1543" 42 5 8 0 0
"1544" 42 5 9 0 0
"1545" 42 5 10 0 0
"1546" 42 5 11 0 0
"1547" 42 5 12 0 0
"1548" 42 5 13 0 0
"1549" 42 5 14 0 0
"1550" 42 5 15 0 0
"1551" 42 5 16 1 3
"1552" 42 5 17 1 3
"1553" 42 5 18 1 3
"1554" 42 5 19 1 3
"1555" 42 5 20 1 3
"1556" 42 5 21 1 3
"1557" 42 5 22 1 3
"1558" 42 5 23 1 3
"1559" 42 5 24 1 3
"1560" 42 5 25 1 3
"1561" 42 5 26 1 3
"1562" 42 5 27 1 3
"1563" 42 5 28 1 3
"1564" 42 5 29 1 3
"1565" 42 5 30 0 0
"1566" 42 5 31 0 0
"1567" 42 5 32 0 0
"1568" 42 5 33 0 0
"1569" 42 5 34 0 0
"1588" 42 6 1 0 0
"1589" 42 6 2 0 32
"1590" 42 6 3 0 0
"1591" 42 6 4 0 0
"1592" 42 6 5 0 0
"1593" 42 6 6 0 0
"1594" 42 6 7 0 0
"1595" 42 6 8 0 0
"1596" 42 6 9 0 0
"1597" 42 6 10 0 0
"1598" 42 6 11 0 0
"1599" 42 6 12 1 3
"1600" 42 6 13 1 0
"1601" 42 6 14 1 3
"1602" 42 6 15 1 0
"1603" 42 6 16 1 0
"1604" 42 6 17 1 0
"1605" 42 6 18 1 0
"1606" 42 6 19 1 3
"1607" 42 6 20 1 3
"1608" 42 6 21 1 0
"1609" 42 6 22 1 3
"1610" 42 6 23 1 0
"1611" 42 6 24 1 3
"1612" 42 6 25 0 0
"1613" 42 6 26 0 0
"1614" 42 6 27 0 0
"1615" 42 6 28 0 0
"1616" 42 6 29 0 0
"1656" 43 1 1 0 4
"1657" 43 1 2 1 3
"1658" 43 1 3 1 3
"1659" 43 1 4 0 4
"1660" 43 1 5 0 0
"1661" 43 1 6 0 4
"1662" 43 1 7 0 4
"1663" 43 1 8 0 4
"1664" 43 1 9 0 4
"1665" 43 1 10 1 3
"1666" 43 1 11 1 3
"1667" 43 1 12 1 3
"1668" 43 1 13 1 3
"1669" 43 1 14 1 3
"1670" 43 1 15 1 3
"1671" 43 1 16 0 4
"1672" 43 1 17 0 0
"1673" 43 1 18 1 3
"1674" 43 1 19 1 3
"1675" 43 1 20 1 3
"1676" 43 1 21 1 3
"1677" 43 1 22 0 4
"1678" 43 1 23 0 4
"1679" 43 1 24 0 4
"1680" 43 1 25 0 0
"1681" 43 1 26 0 0
"1682" 43 1 27 0 0
"1683" 43 1 28 0 4
"1684" 43 1 29 1 3
"1685" 43 1 30 1 3
"1686" 43 1 31 1 3
"1687" 43 1 32 1 3
"1688" 43 1 33 1 3
"1689" 43 1 34 1 3
"1690" 43 1 35 1 3
"1691" 43 1 36 1 3
"1692" 43 1 37 1 3
"1693" 43 1 38 1 3
"1694" 43 1 39 1 3
"1695" 43 1 40 1 3
"1696" 43 1 41 1 3
"1697" 43 1 42 1 3
"1698" 43 1 43 1 3
"1699" 43 1 44 1 3
"1700" 43 1 45 0 4
"1701" 43 1 46 0 4
"1702" 43 1 47 0 4
"1703" 43 1 48 0 4
"1704" 43 1 49 0 4
"1705" 43 1 50 0 4
"1706" 43 1 51 0 0
"1707" 43 1 52 0 4
"1708" 43 1 53 0 0
"1709" 43 1 54 0 4
"1710" 43 1 55 0 0
"1711" 43 1 56 0 4
"1712" 43 1 57 0 4
"1713" 43 1 58 0 4
"1714" 43 1 59 0 0
"1715" 43 1 60 0 4
"1716" 43 1 61 0 4
"1717" 43 1 62 0 0
"1718" 43 1 63 0 0
"1719" 43 1 64 0 4
"1720" 43 1 65 0 4
"1721" 43 1 66 1 3
"1722" 43 1 67 1 3
"1723" 43 1 68 0 4
"1724" 43 1 69 0 4
"1725" 43 1 70 0 4
"1726" 43 1 71 0 4
"1727" 43 1 72 0 4
"1728" 43 1 73 0 4
"1729" 43 1 74 1 3
"1730" 43 1 75 0 4
"1731" 43 1 76 1 3
"1732" 43 1 77 0 4
"1733" 43 1 78 1 3
"1734" 43 1 79 0 0
"1735" 43 1 80 1 3
"1736" 43 1 81 1 3
"1737" 43 1 82 0 4
"1858" 43 2 1 1 3
"1859" 43 2 2 1 0
"1860" 43 2 3 1 0
"1861" 43 2 4 1 0
"1862" 43 2 5 1 0
"1863" 43 2 6 1 3
"1864" 43 2 7 1 3
"1865" 43 2 8 1 3
"1866" 43 2 9 1 0
"1867" 43 2 10 1 3
"1868" 43 2 11 1 0
"1869" 43 2 12 1 3
"1870" 43 2 13 1 0
"1871" 43 2 14 1 0
"1872" 43 2 15 1 0
"1873" 43 2 16 1 0
"1874" 43 2 17 0 0
"1875" 43 2 18 0 0
"1876" 43 2 19 0 0
"1877" 43 2 20 0 0
"1878" 43 2 21 0 0
"1879" 43 2 22 0 0
"1880" 43 2 23 0 4
"1881" 43 2 24 0 0
"1882" 43 2 25 0 4
"1883" 43 2 26 0 0
"1884" 43 2 27 0 4
"1885" 43 2 28 0 0
"1886" 43 2 29 0 4
"1887" 43 2 30 0 0
"1888" 43 2 31 0 0
"1889" 43 2 32 0 0
"1890" 43 2 33 0 4
"1891" 43 2 34 1 3
"1892" 43 2 35 1 3
"1893" 43 2 36 1 0
"1894" 43 2 37 1 0
"1895" 43 2 38 1 3
"1896" 43 2 39 1 0
"1897" 43 2 40 1 0
"1802" 43 3 1 1 0
"1803" 43 3 2 1 0
"1804" 43 3 3 1 0
"1805" 43 3 4 1 0
"1806" 43 3 5 1 0
"1807" 43 3 6 1 -32
"1808" 43 3 7 1 0
"1809" 43 3 8 0 -3
"1810" 43 3 9 0 -3
"1811" 43 3 10 0 -3
"1812" 43 3 11 0 -3
"1813" 43 3 12 0 -3
"1814" 43 3 13 0 -3
"1815" 43 3 14 0 -3
"1816" 43 3 15 0 -3
"1817" 43 3 16 0 -3
"1818" 43 3 17 1 0
"1819" 43 3 18 1 -32
"1820" 43 3 19 1 0
"1821" 43 3 20 1 0
"1822" 43 3 21 1 0
"1823" 43 3 22 1 0
"1824" 43 3 23 1 0
"1825" 43 3 24 1 0
"1826" 43 3 25 1 0
"1827" 43 3 26 1 0
"1828" 43 3 27 1 0
"1829" 43 3 28 1 0
"1830" 43 3 29 1 -32
"1831" 43 3 30 0 -3
"1738" 43 4 1 0 -3
"1739" 43 4 2 0 -3
"1740" 43 4 3 0 -3
"1741" 43 4 4 0 -3
"1742" 43 4 5 0 -3
"1743" 43 4 6 0 -3
"1744" 43 4 7 0 -3
"1745" 43 4 8 0 -3
"1746" 43 4 9 0 -3
"1747" 43 4 10 1 0
"1748" 43 4 11 1 -4
"1749" 43 4 12 1 0
"1750" 43 4 13 1 -4
"1751" 43 4 14 1 -4
"1752" 43 4 15 1 -4
"1753" 43 4 16 1 -4
"1754" 43 4 17 1 0
"1755" 43 4 18 1 -4
"1756" 43 4 19 1 -4
"1757" 43 4 20 1 -4
"1758" 43 4 21 1 -4
"1759" 43 4 22 0 -3
"1760" 43 4 23 0 -3
"1761" 43 4 24 0 -3
"1762" 43 4 25 1 -4
"1763" 43 4 26 1 -4
"1832" 43 5 1 0 0
"1833" 43 5 2 0 0
"1834" 43 5 3 0 0
"1835" 43 5 4 0 0
"1836" 43 5 5 0 0
"1837" 43 5 6 0 0
"1838" 43 5 7 0 0
"1839" 43 5 8 0 0
"1840" 43 5 9 0 0
"1841" 43 5 10 0 0
"1842" 43 5 11 0 0
"1843" 43 5 12 0 0
"1844" 43 5 13 0 0
"1845" 43 5 14 0 0
"1846" 43 5 15 0 0
"1847" 43 5 16 0 32
"1848" 43 5 17 0 0
"1849" 43 5 18 1 3
"1850" 43 5 19 1 3
"1851" 43 5 20 1 3
"1852" 43 5 21 1 3
"1853" 43 5 22 1 3
"1854" 43 5 23 1 3
"1855" 43 5 24 1 3
"1856" 43 5 25 1 3
"1857" 43 5 26 1 3
"1764" 43 6 1 0 0
"1765" 43 6 2 0 0
"1766" 43 6 3 0 0
"1767" 43 6 4 0 0
"1768" 43 6 5 1 3
"1769" 43 6 6 1 0
"1770" 43 6 7 1 0
"1771" 43 6 8 1 0
"1772" 43 6 9 1 0
"1773" 43 6 10 1 0
"1774" 43 6 11 1 3
"1775" 43 6 12 1 0
"1776" 43 6 13 0 0
"1777" 43 6 14 0 0
"1778" 43 6 15 0 0
"1779" 43 6 16 0 32
"1780" 43 6 17 0 0
"1781" 43 6 18 0 0
"1782" 43 6 19 0 0
"1783" 43 6 20 0 0
"1784" 43 6 21 0 0
"1785" 43 6 22 0 0
"1786" 43 6 23 0 0
"1787" 43 6 24 0 0
"1788" 43 6 25 0 0
"1789" 43 6 26 0 0
"1790" 43 6 27 0 0
"1791" 43 6 28 0 0
"1792" 43 6 29 0 0
"1793" 43 6 30 0 0
"1794" 43 6 31 1 0
"1795" 43 6 32 1 0
"1796" 43 6 33 1 0
"1797" 43 6 34 1 3
"1798" 43 6 35 1 0
"1799" 43 6 36 1 0
"1800" 43 6 37 1 0
"1801" 43 6 38 1 3
"1898" 44 1 1 0 4
"1899" 44 1 2 0 4
"1900" 44 1 3 0 4
"1901" 44 1 4 0 0
"1902" 44 1 5 0 4
"1903" 44 1 6 1 3
"1904" 44 1 7 1 3
"1905" 44 1 8 1 3
"1906" 44 1 9 1 3
"1907" 44 1 10 1 3
"1908" 44 1 11 1 3
"1942" 44 2 1 0 0
"1943" 44 2 2 0 4
"1944" 44 2 3 0 0
"1945" 44 2 4 0 0
"1946" 44 2 5 0 0
"1947" 44 2 6 0 4
"1948" 44 2 7 0 0
"1949" 44 2 8 0 0
"1950" 44 2 9 0 0
"1951" 44 2 10 0 4
"1952" 44 2 11 1 3
"1953" 44 2 12 1 0
"1954" 44 2 13 1 0
"1955" 44 2 14 1 0
"1956" 44 2 15 1 0
"1957" 44 2 16 1 3
"1958" 44 2 17 1 0
"1959" 44 2 18 1 3
"1960" 44 2 19 0 0
"1975" 44 3 1 1 -32
"1976" 44 3 2 1 0
"1977" 44 3 3 1 0
"1978" 44 3 4 1 0
"1979" 44 3 5 1 0
"1980" 44 3 6 1 0
"1981" 44 3 7 1 0
"1982" 44 3 8 1 0
"1983" 44 3 9 1 0
"1984" 44 3 10 1 -32
"1985" 44 3 11 0 -3
"1986" 44 3 12 0 -3
"1987" 44 3 13 0 -3
"1988" 44 3 14 0 -3
"1909" 44 4 1 1 -4
"1910" 44 4 2 1 -4
"1911" 44 4 3 1 -4
"1912" 44 4 4 1 -4
"1913" 44 4 5 1 -4
"1914" 44 4 6 1 0
"1915" 44 4 7 1 0
"1916" 44 4 8 1 -4
"1917" 44 4 9 0 -3
"1918" 44 4 10 0 -3
"1919" 44 4 11 0 -3
"1920" 44 4 12 0 -3
"1921" 44 4 13 0 -3
"1922" 44 4 14 0 -3
"1923" 44 4 15 0 -3
"1961" 44 5 1 0 32
"1962" 44 5 2 0 0
"1963" 44 5 3 0 0
"1964" 44 5 4 0 32
"1965" 44 5 5 0 0
"1966" 44 5 6 0 32
"1967" 44 5 7 0 0
"1968" 44 5 8 0 0
"1969" 44 5 9 0 0
"1970" 44 5 10 0 0
"1971" 44 5 11 1 3
"1972" 44 5 12 1 3
"1973" 44 5 13 1 3
"1974" 44 5 14 1 3
"1924" 44 6 1 0 0
"1925" 44 6 2 0 0
"1926" 44 6 3 0 0
"1927" 44 6 4 0 0
"1928" 44 6 5 0 0
"1929" 44 6 6 0 0
"1930" 44 6 7 0 0
"1931" 44 6 8 0 0
"1932" 44 6 9 1 3
"1933" 44 6 10 1 3
"1934" 44 6 11 1 3
"1935" 44 6 12 1 0
"1936" 44 6 13 1 0
"1937" 44 6 14 1 0
"1938" 44 6 15 1 0
"1939" 44 6 16 1 0
"1940" 44 6 17 0 0
"1941" 44 6 18 1 0
"2002" 45 1 1 0 4
"2003" 45 1 2 1 3
"2004" 45 1 3 0 4
"2005" 45 1 4 0 0
"2006" 45 1 5 1 3
"2007" 45 1 6 1 3
"2008" 45 1 7 1 3
"2009" 45 1 8 1 3
"2010" 45 1 9 0 4
"2011" 45 1 10 0 4
"2012" 45 1 11 0 0
"2013" 45 1 12 0 4
"2014" 45 1 13 0 4
"2055" 45 2 1 1 3
"2056" 45 2 2 1 3
"2057" 45 2 3 1 3
"2058" 45 2 4 1 0
"2059" 45 2 5 1 0
"2060" 45 2 6 1 0
"2061" 45 2 7 1 0
"2062" 45 2 8 1 0
"2063" 45 2 9 1 0
"2064" 45 2 10 1 0
"2065" 45 2 11 1 0
"2066" 45 2 12 1 0
"2067" 45 2 13 1 0
"2068" 45 2 14 1 3
"2069" 45 2 15 1 0
"2070" 45 2 16 0 0
"2071" 45 2 17 0 0
"2072" 45 2 18 0 0
"2073" 45 2 19 0 4
"2074" 45 2 20 0 0
"2075" 45 2 21 0 0
"2076" 45 2 22 0 0
"2077" 45 2 23 0 0
"2078" 45 2 24 0 0
"2079" 45 2 25 0 0
"2080" 45 2 26 0 0
"2081" 45 2 27 0 0
"2082" 45 2 28 0 0
"2083" 45 2 29 0 0
"2084" 45 2 30 0 0
"2085" 45 2 31 0 4
"2086" 45 2 32 0 0
"2087" 45 2 33 0 4
"2088" 45 2 34 0 4
"2089" 45 2 35 0 0
"2090" 45 2 36 0 0
"2091" 45 2 37 1 0
"2092" 45 2 38 1 0
"2093" 45 2 39 1 0
"2094" 45 2 40 1 0
"2095" 45 2 41 1 0
"2096" 45 2 42 1 0
"2097" 45 2 43 1 0
"2098" 45 2 44 1 0
"2099" 45 2 45 1 3
"2100" 45 2 46 1 0
"2101" 45 2 47 1 3
"2102" 45 2 48 1 0
"2103" 45 2 49 1 3
"2104" 45 2 50 1 0
"2105" 45 2 51 1 0
"2106" 45 2 52 1 0
"2107" 45 2 53 1 0
"2108" 45 2 54 1 3
"2109" 45 2 55 1 0
"2000" 45 3 1 1 0
"2001" 45 3 2 0 -3
"1989" 45 4 1 1 -4
"1990" 45 4 2 0 -3
"1991" 45 4 3 1 -4
"1992" 45 4 4 0 -3
"1993" 45 4 5 0 -3
"1994" 45 4 6 0 -3
"1995" 45 4 7 1 -4
"1996" 45 4 8 1 -4
"1997" 45 4 9 0 -3
"1998" 45 4 10 1 -4
"1999" 45 4 11 0 -3
"2015" 45 5 1 1 3
"2016" 45 5 2 1 3
"2017" 45 5 3 1 3
"2018" 45 5 4 1 3
"2019" 45 5 5 1 3
"2020" 45 5 6 1 3
"2021" 45 5 7 0 0
"2022" 45 5 8 0 0
"2023" 45 5 9 0 0
"2024" 45 5 10 0 0
"2025" 45 5 11 0 32
"2026" 45 5 12 0 0
"2027" 45 5 13 1 3
"2028" 45 5 14 1 3
"2029" 45 6 1 0 0
"2030" 45 6 2 0 0
"2031" 45 6 3 0 0
"2032" 45 6 4 0 0
"2033" 45 6 5 0 0
"2034" 45 6 6 0 0
"2035" 45 6 7 0 0
"2036" 45 6 8 0 0
"2037" 45 6 9 0 0
"2038" 45 6 10 0 0
"2039" 45 6 11 0 0
"2040" 45 6 12 0 0
"2041" 45 6 13 0 0
"2042" 45 6 14 0 0
"2043" 45 6 15 0 0
"2044" 45 6 16 0 0
"2045" 45 6 17 1 0
"2046" 45 6 18 1 3
"2047" 45 6 19 1 3
"2048" 45 6 20 1 3
"2049" 45 6 21 1 0
"2050" 45 6 22 1 0
"2051" 45 6 23 1 3
"2052" 45 6 24 1 3
"2053" 45 6 25 0 0
"2054" 45 6 26 0 0
"2128" 46 1 1 1 3
"2129" 46 1 2 0 4
"2130" 46 1 3 1 3
"2131" 46 1 4 0 4
"2132" 46 1 5 1 3
"2133" 46 1 6 0 4
"2134" 46 1 7 1 3
"2135" 46 1 8 0 4
"2147" 46 2 1 0 0
"2148" 46 2 2 1 3
"2149" 46 2 3 0 4
"2150" 46 2 4 1 3
"2151" 46 2 5 1 0
"2152" 46 2 6 1 0
"2153" 46 2 7 1 3
"2154" 46 2 8 0 4
"2155" 46 2 9 0 4
"2156" 46 2 10 0 0
"2157" 46 2 11 0 0
"2158" 46 2 12 0 0
"2159" 46 2 13 0 4
"2160" 46 2 14 0 0
"2161" 46 2 15 0 0
"2162" 46 2 16 0 0
"2163" 46 2 17 0 0
"2164" 46 2 18 0 0
"2165" 46 2 19 0 0
"2166" 46 2 20 0 4
"2167" 46 2 21 1 0
"2168" 46 2 22 1 0
"2169" 46 2 23 1 0
"2170" 46 2 24 1 0
"2171" 46 2 25 1 0
"2136" 46 3 1 1 0
"2137" 46 3 2 0 -3
"2138" 46 3 3 1 0
"2139" 46 3 4 0 -3
"2140" 46 3 5 1 0
"2141" 46 3 6 0 -3
"2120" 46 4 1 0 -3
"2121" 46 4 2 1 -4
"2122" 46 4 3 0 -3
"2123" 46 4 4 1 0
"2124" 46 4 5 0 -3
"2125" 46 4 6 1 -4
"2126" 46 4 7 0 -3
"2127" 46 4 8 1 0
"2110" 46 5 1 1 3
"2111" 46 5 2 0 0
"2112" 46 5 3 1 3
"2113" 46 5 4 1 3
"2114" 46 5 5 1 3
"2115" 46 5 6 1 3
"2116" 46 5 7 0 0
"2117" 46 5 8 1 3
"2118" 46 5 9 1 3
"2119" 46 5 10 1 3
"2142" 46 6 1 0 0
"2143" 46 6 2 1 0
"2144" 46 6 3 0 0
"2145" 46 6 4 1 0
"2146" 46 6 5 0 0
"2261" 47 1 1 0 4
"2262" 47 1 2 1 3
"2263" 47 1 3 0 4
"2264" 47 1 4 1 3
"2265" 47 1 5 1 3
"2266" 47 1 6 1 3
"2267" 47 1 7 1 3
"2268" 47 1 8 1 3
"2269" 47 1 9 1 3
"2270" 47 1 10 1 3
"2271" 47 1 11 1 3
"2272" 47 1 12 1 3
"2273" 47 1 13 0 4
"2274" 47 1 14 0 4
"2275" 47 1 15 0 0
"2276" 47 1 16 0 0
"2277" 47 1 17 0 0
"2278" 47 1 18 0 0
"2279" 47 1 19 1 3
"2280" 47 1 20 0 4
"2281" 47 1 21 0 0
"2282" 47 1 22 0 4
"2283" 47 1 23 0 4
"2284" 47 1 24 0 4
"2285" 47 1 25 0 4
"2286" 47 1 26 0 0
"2287" 47 1 27 1 3
"2288" 47 1 28 1 3
"2289" 47 1 29 1 3
"2290" 47 1 30 1 3
"2291" 47 1 31 0 4
"2292" 47 1 32 0 4
"2293" 47 1 33 0 0
"2294" 47 1 34 0 0
"2295" 47 1 35 0 4
"2296" 47 1 36 0 4
"2297" 47 1 37 0 4
"2298" 47 1 38 0 4
"2299" 47 1 39 0 4
"2300" 47 1 40 0 4
"2301" 47 1 41 0 4
"2302" 47 1 42 0 4
"2303" 47 1 43 0 4
"2304" 47 1 44 0 4
"2305" 47 1 45 0 4
"2306" 47 2 1 0 4
"2307" 47 2 2 1 0
"2308" 47 2 3 1 0
"2309" 47 2 4 1 0
"2310" 47 2 5 0 0
"2311" 47 2 6 0 0
"2312" 47 2 7 0 4
"2313" 47 2 8 0 0
"2314" 47 2 9 0 0
"2315" 47 2 10 0 4
"2316" 47 2 11 0 0
"2317" 47 2 12 0 0
"2318" 47 2 13 0 0
"2319" 47 2 14 0 0
"2320" 47 2 15 0 0
"2321" 47 2 16 0 0
"2322" 47 2 17 1 0
"2323" 47 2 18 1 0
"2324" 47 2 19 1 0
"2325" 47 2 20 1 0
"2326" 47 2 21 1 0
"2327" 47 2 22 1 0
"2328" 47 2 23 1 0
"2329" 47 2 24 1 3
"2330" 47 2 25 1 0
"2331" 47 2 26 1 0
"2412" 47 3 1 0 -3
"2413" 47 3 2 0 -3
"2414" 47 3 3 0 -3
"2415" 47 3 4 0 -3
"2416" 47 3 5 1 0
"2417" 47 3 6 1 0
"2418" 47 3 7 1 0
"2419" 47 3 8 1 0
"2420" 47 3 9 1 0
"2421" 47 3 10 1 -32
"2422" 47 3 11 1 0
"2423" 47 3 12 1 0
"2424" 47 3 13 1 0
"2425" 47 3 14 1 0
"2172" 47 4 1 1 -4
"2173" 47 4 2 0 -3
"2174" 47 4 3 0 -3
"2175" 47 4 4 1 -4
"2176" 47 4 5 1 -4
"2177" 47 4 6 1 0
"2178" 47 4 7 1 -4
"2179" 47 4 8 1 -4
"2180" 47 4 9 1 -4
"2181" 47 4 10 1 -4
"2182" 47 4 11 1 -4
"2183" 47 4 12 0 -3
"2184" 47 4 13 1 -4
"2185" 47 4 14 0 -3
"2186" 47 4 15 1 -4
"2187" 47 4 16 1 0
"2188" 47 4 17 0 -3
"2189" 47 4 18 0 -3
"2190" 47 4 19 0 -3
"2191" 47 4 20 0 -3
"2192" 47 4 21 0 -3
"2193" 47 4 22 0 -3
"2194" 47 4 23 0 -3
"2195" 47 4 24 0 -3
"2196" 47 4 25 0 -3
"2197" 47 4 26 1 -4
"2198" 47 4 27 1 0
"2199" 47 4 28 1 -4
"2200" 47 4 29 1 0
"2201" 47 4 30 0 -3
"2202" 47 4 31 0 -3
"2203" 47 4 32 0 -3
"2204" 47 4 33 0 -3
"2205" 47 4 34 0 -3
"2206" 47 4 35 0 -3
"2207" 47 4 36 1 -4
"2208" 47 4 37 1 -4
"2209" 47 4 38 1 -4
"2210" 47 4 39 1 -4
"2211" 47 4 40 0 -3
"2212" 47 4 41 1 -4
"2213" 47 4 42 1 -4
"2214" 47 4 43 1 0
"2215" 47 4 44 1 -4
"2216" 47 4 45 0 -3
"2217" 47 4 46 0 -3
"2218" 47 4 47 0 -3
"2219" 47 4 48 1 -4
"2220" 47 4 49 1 -4
"2221" 47 4 50 1 -4
"2222" 47 4 51 1 0
"2223" 47 4 52 0 -3
"2224" 47 4 53 1 -4
"2225" 47 4 54 1 -4
"2226" 47 4 55 1 -4
"2227" 47 4 56 1 -4
"2228" 47 4 57 1 -4
"2229" 47 4 58 1 -4
"2230" 47 4 59 1 0
"2231" 47 4 60 0 -3
"2232" 47 4 61 0 -3
"2233" 47 4 62 1 0
"2234" 47 4 63 1 -4
"2235" 47 4 64 0 -3
"2236" 47 4 65 0 -3
"2237" 47 4 66 1 -4
"2238" 47 4 67 1 -4
"2239" 47 4 68 1 -4
"2240" 47 4 69 0 -3
"2241" 47 4 70 0 -3
"2242" 47 4 71 0 -3
"2243" 47 4 72 1 -4
"2244" 47 4 73 1 -4
"2245" 47 4 74 1 0
"2246" 47 4 75 0 -3
"2247" 47 4 76 1 -4
"2248" 47 4 77 1 -4
"2249" 47 4 78 1 -4
"2250" 47 4 79 1 -4
"2251" 47 4 80 1 0
"2252" 47 4 81 0 -3
"2253" 47 4 82 0 -3
"2254" 47 4 83 1 0
"2255" 47 4 84 0 -3
"2256" 47 4 85 0 -3
"2257" 47 4 86 1 -4
"2258" 47 4 87 1 -4
"2259" 47 4 88 1 -4
"2260" 47 4 89 1 -4
"2380" 47 5 1 0 0
"2381" 47 5 2 0 0
"2382" 47 5 3 0 0
"2383" 47 5 4 0 32
"2384" 47 5 5 0 0
"2385" 47 5 6 0 0
"2386" 47 5 7 0 0
"2387" 47 5 8 0 0
"2388" 47 5 9 0 32
"2389" 47 5 10 1 3
"2390" 47 5 11 1 3
"2391" 47 5 12 1 3
"2392" 47 5 13 1 3
"2393" 47 5 14 1 3
"2394" 47 5 15 1 3
"2395" 47 5 16 1 3
"2396" 47 5 17 1 3
"2397" 47 5 18 1 3
"2398" 47 5 19 0 0
"2399" 47 5 20 0 0
"2400" 47 5 21 0 0
"2401" 47 5 22 0 0
"2402" 47 5 23 0 32
"2403" 47 5 24 0 0
"2404" 47 5 25 0 32
"2405" 47 5 26 0 0
"2406" 47 5 27 0 0
"2407" 47 5 28 0 0
"2408" 47 5 29 0 0
"2409" 47 5 30 0 0
"2410" 47 5 31 0 32
"2411" 47 5 32 0 0
"2332" 47 6 1 1 0
"2333" 47 6 2 1 3
"2334" 47 6 3 1 0
"2335" 47 6 4 1 3
"2336" 47 6 5 1 0
"2337" 47 6 6 1 3
"2338" 47 6 7 1 0
"2339" 47 6 8 1 0
"2340" 47 6 9 1 0
"2341" 47 6 10 1 3
"2342" 47 6 11 1 0
"2343" 47 6 12 1 3
"2344" 47 6 13 1 0
"2345" 47 6 14 1 0
"2346" 47 6 15 1 0
"2347" 47 6 16 1 0
"2348" 47 6 17 1 3
"2349" 47 6 18 0 0
"2350" 47 6 19 0 0
"2351" 47 6 20 0 0
"2352" 47 6 21 0 0
"2353" 47 6 22 0 0
"2354" 47 6 23 0 32
"2355" 47 6 24 0 0
"2356" 47 6 25 0 0
"2357" 47 6 26 0 0
"2358" 47 6 27 0 0
"2359" 47 6 28 0 0
"2360" 47 6 29 0 0
"2361" 47 6 30 0 0
"2362" 47 6 31 0 0
"2363" 47 6 32 0 0
"2364" 47 6 33 0 0
"2365" 47 6 34 0 0
"2366" 47 6 35 0 0
"2367" 47 6 36 0 0
"2368" 47 6 37 0 0
"2369" 47 6 38 0 0
"2370" 47 6 39 0 0
"2371" 47 6 40 1 0
"2372" 47 6 41 0 0
"2373" 47 6 42 1 0
"2374" 47 6 43 0 0
"2375" 47 6 44 1 0
"2376" 47 6 45 0 0
"2377" 47 6 46 1 3
"2378" 47 6 47 0 0
"2379" 47 6 48 1 0
"2518" 48 1 1 1 3
"2519" 48 1 2 1 3
"2520" 48 1 3 0 4
"2521" 48 1 4 0 4
"2522" 48 1 5 0 4
"2426" 48 2 1 0 0
"2427" 48 2 2 1 0
"2428" 48 2 3 0 0
"2429" 48 2 4 0 0
"2430" 48 2 5 0 4
"2431" 48 2 6 0 0
"2432" 48 2 7 1 0
"2433" 48 2 8 1 3
"2434" 48 2 9 1 0
"2435" 48 2 10 1 3
"2436" 48 2 11 1 0
"2437" 48 2 12 1 0
"2438" 48 2 13 0 0
"2439" 48 2 14 1 0
"2440" 48 2 15 0 4
"2441" 48 2 16 1 0
"2442" 48 2 17 0 0
"2443" 48 2 18 0 0
"2444" 48 2 19 1 3
"2445" 48 2 20 1 0
"2446" 48 2 21 1 0
"2447" 48 2 22 1 3
"2448" 48 2 23 1 0
"2449" 48 2 24 1 0
"2450" 48 2 25 1 0
"2451" 48 2 26 1 0
"2452" 48 2 27 1 0
"2453" 48 2 28 1 0
"2454" 48 2 29 1 3
"2455" 48 2 30 0 0
"2456" 48 2 31 0 4
"2457" 48 2 32 0 0
"2458" 48 2 33 0 4
"2459" 48 2 34 0 0
"2460" 48 2 35 0 0
"2461" 48 2 36 0 0
"2462" 48 2 37 0 0
"2463" 48 2 38 0 4
"2464" 48 3 1 1 0
"2465" 48 3 2 1 0
"2466" 48 3 3 1 0
"2467" 48 3 4 1 0
"2468" 48 3 5 1 0
"2469" 48 3 6 1 0
"2470" 48 3 7 1 0
"2471" 48 3 8 1 0
"2472" 48 3 9 1 0
"2473" 48 3 10 1 0
"2474" 48 3 11 0 -3
"2475" 48 3 12 0 -3
"2476" 48 3 13 0 -3
"2477" 48 3 14 0 -3
"2478" 48 3 15 0 -3
"2479" 48 3 16 0 -3
"2480" 48 4 1 1 -4
"2481" 48 4 2 1 -4
"2482" 48 4 3 1 -4
"2483" 48 4 4 0 -3
"2484" 48 4 5 0 -3
"2485" 48 4 6 0 -3
"2486" 48 4 7 0 -3
"2500" 48 5 1 0 32
"2501" 48 5 2 0 0
"2502" 48 5 3 0 32
"2503" 48 5 4 1 3
"2504" 48 5 5 1 3
"2505" 48 5 6 1 3
"2506" 48 5 7 1 3
"2507" 48 5 8 0 0
"2508" 48 5 9 0 0
"2509" 48 5 10 0 0
"2510" 48 5 11 0 0
"2511" 48 5 12 0 0
"2512" 48 5 13 0 0
"2513" 48 5 14 0 0
"2514" 48 5 15 0 32
"2515" 48 5 16 1 3
"2516" 48 5 17 1 3
"2517" 48 5 18 1 3
"2487" 48 6 1 1 0
"2488" 48 6 2 1 0
"2489" 48 6 3 1 3
"2490" 48 6 4 1 0
"2491" 48 6 5 0 0
"2492" 48 6 6 0 0
"2493" 48 6 7 0 0
"2494" 48 6 8 0 0
"2495" 48 6 9 0 0
"2496" 48 6 10 0 0
"2497" 48 6 11 0 0
"2498" 48 6 12 0 0
"2499" 48 6 13 0 0
"2768" 49 1 1 1 3
"2769" 49 1 2 1 3
"2770" 49 1 3 1 3
"2771" 49 1 4 1 3
"2772" 49 1 5 1 3
"2773" 49 1 6 1 3
"2774" 49 1 7 1 3
"2775" 49 1 8 1 3
"2776" 49 1 9 1 3
"2777" 49 1 10 0 0
"2778" 49 1 11 0 4
"2779" 49 1 12 0 4
"2780" 49 1 13 0 4
"2781" 49 1 14 0 4
"2782" 49 1 15 0 4
"2783" 49 1 16 0 4
"2784" 49 1 17 0 4
"2785" 49 1 18 0 4
"2786" 49 1 19 0 0
"2787" 49 1 20 0 0
"2788" 49 1 21 0 4
"2814" 49 2 1 0 0
"2815" 49 2 2 0 0
"2816" 49 2 3 0 0
"2817" 49 2 4 0 0
"2818" 49 2 5 0 0
"2819" 49 2 6 0 0
"2820" 49 2 7 0 0
"2821" 49 2 8 0 0
"2822" 49 2 9 0 0
"2823" 49 2 10 0 0
"2824" 49 2 11 0 0
"2825" 49 2 12 0 4
"2826" 49 2 13 0 0
"2827" 49 2 14 0 4
"2828" 49 2 15 0 4
"2829" 49 2 16 0 0
"2830" 49 2 17 0 0
"2831" 49 2 18 0 0
"2832" 49 2 19 0 4
"2833" 49 2 20 0 0
"2834" 49 2 21 1 3
"2835" 49 2 22 1 0
"2836" 49 2 23 1 3
"2837" 49 2 24 1 0
"2838" 49 2 25 1 0
"2839" 49 2 26 1 3
"2840" 49 2 27 1 0
"2841" 49 2 28 1 0
"2842" 49 2 29 1 0
"2843" 49 2 30 1 0
"2844" 49 2 31 1 0
"2845" 49 2 32 1 0
"2846" 49 2 33 1 0
"2847" 49 2 34 1 0
"2848" 49 2 35 1 3
"2849" 49 2 36 1 0
"2850" 49 2 37 1 0
"2851" 49 2 38 1 0
"2852" 49 2 39 1 3
"2853" 49 2 40 1 3
"2789" 49 3 1 0 -3
"2790" 49 3 2 0 -3
"2791" 49 3 3 0 -3
"2792" 49 3 4 0 -3
"2793" 49 3 5 0 -3
"2794" 49 3 6 0 -3
"2795" 49 3 7 0 -3
"2796" 49 3 8 0 -3
"2797" 49 3 9 0 -3
"2798" 49 3 10 1 0
"2799" 49 3 11 1 0
"2800" 49 3 12 1 0
"2801" 49 3 13 1 0
"2802" 49 3 14 1 0
"2803" 49 3 15 1 0
"2804" 49 3 16 1 0
"2805" 49 3 17 1 -32
"2806" 49 3 18 1 0
"2807" 49 3 19 1 0
"2808" 49 3 20 1 0
"2809" 49 3 21 1 0
"2810" 49 3 22 1 0
"2811" 49 3 23 1 0
"2812" 49 3 24 1 -32
"2813" 49 3 25 1 0
"2723" 49 4 1 0 -3
"2724" 49 4 2 0 -3
"2725" 49 4 3 0 -3
"2726" 49 4 4 0 -3
"2727" 49 4 5 0 -3
"2728" 49 4 6 0 -3
"2729" 49 4 7 0 -3
"2730" 49 4 8 0 -3
"2731" 49 4 9 0 -3
"2732" 49 4 10 1 -4
"2733" 49 4 11 1 -4
"2734" 49 4 12 1 -4
"2735" 49 4 13 1 -4
"2736" 49 4 14 1 0
"2737" 49 4 15 1 -4
"2738" 49 4 16 1 0
"2739" 49 4 17 1 -4
"2740" 49 4 18 0 -3
"2741" 49 4 19 1 -4
"2742" 49 4 20 1 -4
"2743" 49 4 21 1 -4
"2744" 49 4 22 1 -4
"2745" 49 4 23 1 -4
"2746" 49 4 24 1 -4
"2747" 49 4 25 1 -4
"2748" 49 4 26 1 -4
"2749" 49 4 27 1 -4
"2750" 49 4 28 1 0
"2751" 49 4 29 1 -4
"2752" 49 4 30 1 -4
"2753" 49 4 31 1 -4
"2754" 49 4 32 1 0
"2755" 49 4 33 1 0
"2756" 49 4 34 1 -4
"2757" 49 4 35 1 -4
"2758" 49 4 36 1 0
"2759" 49 4 37 1 -4
"2760" 49 4 38 0 -3
"2761" 49 4 39 0 -3
"2762" 49 4 40 0 -3
"2763" 49 4 41 0 -3
"2764" 49 4 42 0 -3
"2765" 49 4 43 0 -3
"2766" 49 4 44 0 -3
"2767" 49 4 45 0 -3
"2523" 49 5 1 0 0
"2524" 49 5 2 0 0
"2525" 49 5 3 1 3
"2526" 49 5 4 1 3
"2527" 49 5 5 1 3
"2528" 49 5 6 1 3
"2529" 49 5 7 0 0
"2530" 49 5 8 0 0
"2531" 49 5 9 0 32
"2532" 49 5 10 0 0
"2533" 49 5 11 1 3
"2534" 49 5 12 1 3
"2535" 49 5 13 0 0
"2536" 49 5 14 0 0
"2537" 49 5 15 0 32
"2538" 49 5 16 0 0
"2539" 49 5 17 0 0
"2540" 49 5 18 0 0
"2541" 49 5 19 0 0
"2542" 49 5 20 0 0
"2543" 49 5 21 0 0
"2544" 49 5 22 0 32
"2545" 49 5 23 0 0
"2546" 49 5 24 0 0
"2547" 49 5 25 0 0
"2548" 49 5 26 0 0
"2549" 49 5 27 0 0
"2550" 49 5 28 0 0
"2551" 49 5 29 0 0
"2552" 49 5 30 0 0
"2553" 49 5 31 0 32
"2554" 49 5 32 0 0
"2555" 49 5 33 0 0
"2556" 49 5 34 0 0
"2557" 49 5 35 0 0
"2558" 49 5 36 0 0
"2559" 49 5 37 0 0
"2560" 49 5 38 0 0
"2561" 49 5 39 0 0
"2562" 49 5 40 0 0
"2563" 49 5 41 0 0
"2564" 49 5 42 0 0
"2565" 49 5 43 0 0
"2566" 49 5 44 0 0
"2567" 49 5 45 1 3
"2568" 49 5 46 1 3
"2569" 49 5 47 1 3
"2570" 49 5 48 1 3
"2571" 49 5 49 0 0
"2572" 49 5 50 0 0
"2573" 49 5 51 0 0
"2574" 49 5 52 0 0
"2575" 49 5 53 0 0
"2576" 49 5 54 0 0
"2577" 49 5 55 0 32
"2578" 49 5 56 1 3
"2579" 49 5 57 0 0
"2580" 49 5 58 1 3
"2581" 49 5 59 0 0
"2582" 49 5 60 1 3
"2583" 49 5 61 0 0
"2584" 49 5 62 0 0
"2585" 49 5 63 0 0
"2586" 49 5 64 1 3
"2587" 49 5 65 0 0
"2588" 49 5 66 1 3
"2589" 49 5 67 1 3
"2590" 49 5 68 1 3
"2591" 49 5 69 0 0
"2592" 49 5 70 1 3
"2593" 49 5 71 1 3
"2594" 49 5 72 1 3
"2595" 49 5 73 1 3
"2596" 49 5 74 1 3
"2597" 49 5 75 1 3
"2598" 49 5 76 0 0
"2599" 49 5 77 0 32
"2600" 49 5 78 1 3
"2601" 49 5 79 1 3
"2602" 49 5 80 1 3
"2603" 49 5 81 1 3
"2604" 49 5 82 1 3
"2605" 49 5 83 1 3
"2606" 49 5 84 0 0
"2607" 49 5 85 0 0
"2608" 49 5 86 0 0
"2609" 49 5 87 0 0
"2610" 49 5 88 0 0
"2611" 49 5 89 0 0
"2612" 49 5 90 0 0
"2613" 49 5 91 1 3
"2614" 49 5 92 1 3
"2615" 49 5 93 1 3
"2616" 49 5 94 0 0
"2617" 49 5 95 0 0
"2618" 49 5 96 0 0
"2619" 49 5 97 1 3
"2620" 49 5 98 1 3
"2621" 49 5 99 1 3
"2622" 49 5 100 1 3
"2623" 49 5 101 1 3
"2624" 49 5 102 1 3
"2625" 49 5 103 0 0
"2626" 49 5 104 0 32
"2627" 49 5 105 1 3
"2628" 49 5 106 1 3
"2629" 49 5 107 1 3
"2630" 49 5 108 0 0
"2631" 49 5 109 0 32
"2632" 49 5 110 1 3
"2633" 49 5 111 1 3
"2634" 49 5 112 1 3
"2635" 49 5 113 1 3
"2636" 49 5 114 1 3
"2637" 49 5 115 1 3
"2638" 49 5 116 0 0
"2639" 49 5 117 0 32
"2640" 49 5 118 1 3
"2641" 49 5 119 1 3
"2642" 49 5 120 1 3
"2643" 49 5 121 0 0
"2644" 49 5 122 0 0
"2645" 49 5 123 0 0
"2646" 49 5 124 0 0
"2647" 49 5 125 0 0
"2648" 49 5 126 0 0
"2649" 49 5 127 0 0
"2650" 49 5 128 0 0
"2651" 49 5 129 0 0
"2652" 49 5 130 1 3
"2653" 49 5 131 1 3
"2654" 49 5 132 1 3
"2655" 49 5 133 0 32
"2656" 49 5 134 0 0
"2657" 49 5 135 0 0
"2658" 49 5 136 0 0
"2659" 49 5 137 1 3
"2660" 49 5 138 1 3
"2661" 49 5 139 1 3
"2662" 49 5 140 0 0
"2663" 49 5 141 0 0
"2664" 49 6 1 1 0
"2665" 49 6 2 1 0
"2666" 49 6 3 1 0
"2667" 49 6 4 0 0
"2668" 49 6 5 0 0
"2669" 49 6 6 0 0
"2670" 49 6 7 1 0
"2671" 49 6 8 1 0
"2672" 49 6 9 1 3
"2673" 49 6 10 0 0
"2674" 49 6 11 0 0
"2675" 49 6 12 0 0
"2676" 49 6 13 1 0
"2677" 49 6 14 1 0
"2678" 49 6 15 1 0
"2679" 49 6 16 1 3
"2680" 49 6 17 1 0
"2681" 49 6 18 1 0
"2682" 49 6 19 1 3
"2683" 49 6 20 1 0
"2684" 49 6 21 1 3
"2685" 49 6 22 1 3
"2686" 49 6 23 0 0
"2687" 49 6 24 0 0
"2688" 49 6 25 0 0
"2689" 49 6 26 0 0
"2690" 49 6 27 0 0
"2691" 49 6 28 0 0
"2692" 49 6 29 0 0
"2693" 49 6 30 0 0
"2694" 49 6 31 0 0
"2695" 49 6 32 0 0
"2696" 49 6 33 1 0
"2697" 49 6 34 1 0
"2698" 49 6 35 1 3
"2699" 49 6 36 1 0
"2700" 49 6 37 1 0
"2701" 49 6 38 1 3
"2702" 49 6 39 1 0
"2703" 49 6 40 1 0
"2704" 49 6 41 1 0
"2705" 49 6 42 1 0
"2706" 49 6 43 0 0
"2707" 49 6 44 0 0
"2708" 49 6 45 0 0
"2709" 49 6 46 0 0
"2710" 49 6 47 0 0
"2711" 49 6 48 0 0
"2712" 49 6 49 0 0
"2713" 49 6 50 0 0
"2714" 49 6 51 0 0
"2715" 49 6 52 0 0
"2716" 49 6 53 1 3
"2717" 49 6 54 0 0
"2718" 49 6 55 1 0
"2719" 49 6 56 0 0
"2720" 49 6 57 1 0
"2721" 49 6 58 0 0
"2722" 49 6 59 1 0
"2975" 50 1 1 0 4
"2976" 50 1 2 0 4
"2977" 50 1 3 0 4
"2978" 50 1 4 0 4
"2979" 50 1 5 0 4
"2980" 50 1 6 0 4
"2981" 50 1 7 0 0
"2982" 50 1 8 0 4
"2983" 50 1 9 0 0
"2984" 50 1 10 0 4
"2985" 50 1 11 1 3
"2986" 50 1 12 1 3
"2987" 50 1 13 1 3
"2988" 50 1 14 1 3
"2989" 50 1 15 1 3
"2990" 50 1 16 1 3
"2991" 50 1 17 1 3
"2992" 50 1 18 1 3
"2993" 50 1 19 1 3
"2994" 50 1 20 1 3
"2995" 50 2 1 1 0
"2996" 50 2 2 1 0
"2997" 50 2 3 1 0
"2998" 50 2 4 1 3
"2999" 50 2 5 1 0
"3000" 50 2 6 1 0
"3001" 50 2 7 1 0
"3002" 50 2 8 1 0
"3003" 50 2 9 1 3
"3004" 50 2 10 1 0
"3005" 50 2 11 0 4
"3006" 50 2 12 0 0
"3007" 50 2 13 0 4
"3008" 50 2 14 0 0
"3009" 50 2 15 0 0
"3010" 50 2 16 0 4
"3011" 50 2 17 0 0
"3012" 50 2 18 0 0
"3013" 50 2 19 0 0
"3014" 50 2 20 0 0
"2947" 50 3 1 0 -3
"2948" 50 3 2 0 -3
"2949" 50 3 3 1 0
"2950" 50 3 4 1 0
"2951" 50 3 5 0 -3
"2952" 50 3 6 0 -3
"2953" 50 3 7 0 -3
"2954" 50 3 8 1 0
"2955" 50 3 9 1 0
"2956" 50 3 10 1 0
"2957" 50 3 11 1 0
"2958" 50 3 12 1 0
"2959" 50 3 13 1 0
"2960" 50 3 14 1 0
"2961" 50 3 15 1 -32
"2962" 50 3 16 1 0
"2963" 50 3 17 1 0
"2964" 50 3 18 0 -3
"2965" 50 3 19 0 -3
"2966" 50 3 20 0 -3
"2967" 50 3 21 0 -3
"2968" 50 3 22 0 -3
"2969" 50 3 23 0 -3
"2970" 50 3 24 0 -3
"2971" 50 3 25 0 -3
"2972" 50 3 26 0 -3
"2973" 50 3 27 0 -3
"2974" 50 3 28 0 -3
"2854" 50 4 1 1 -4
"2855" 50 4 2 1 -4
"2856" 50 4 3 1 -4
"2857" 50 4 4 0 -3
"2858" 50 4 5 0 -3
"2859" 50 4 6 0 -3
"2860" 50 4 7 1 -4
"2861" 50 4 8 0 -3
"2862" 50 4 9 0 -3
"2863" 50 4 10 1 -4
"2864" 50 4 11 0 -3
"2865" 50 4 12 0 -3
"2866" 50 4 13 1 -4
"2867" 50 4 14 0 -3
"2930" 50 5 1 1 3
"2931" 50 5 2 1 3
"2932" 50 5 3 1 3
"2933" 50 5 4 0 0
"2934" 50 5 5 1 3
"2935" 50 5 6 0 0
"2936" 50 5 7 0 0
"2937" 50 5 8 0 0
"2938" 50 5 9 1 3
"2939" 50 5 10 1 3
"2940" 50 5 11 0 32
"2941" 50 5 12 0 0
"2942" 50 5 13 1 3
"2943" 50 5 14 0 0
"2944" 50 5 15 1 3
"2945" 50 5 16 0 0
"2946" 50 5 17 1 3
"2868" 50 6 1 0 0
"2869" 50 6 2 1 0
"2870" 50 6 3 0 0
"2871" 50 6 4 1 3
"2872" 50 6 5 0 32
"2873" 50 6 6 1 0
"2874" 50 6 7 0 0
"2875" 50 6 8 0 0
"2876" 50 6 9 0 0
"2877" 50 6 10 0 0
"2878" 50 6 11 1 0
"2879" 50 6 12 0 0
"2880" 50 6 13 1 3
"2881" 50 6 14 0 0
"2882" 50 6 15 1 0
"2883" 50 6 16 0 0
"2884" 50 6 17 1 0
"2885" 50 6 18 1 3
"2886" 50 6 19 0 0
"2887" 50 6 20 1 3
"2888" 50 6 21 1 0
"2889" 50 6 22 1 0
"2890" 50 6 23 1 0
"2891" 50 6 24 0 0
"2892" 50 6 25 1 3
"2893" 50 6 26 0 0
"2894" 50 6 27 1 0
"2895" 50 6 28 0 0
"2896" 50 6 29 1 0
"2897" 50 6 30 1 0
"2898" 50 6 31 0 0
"2899" 50 6 32 0 0
"2900" 50 6 33 0 0
"2901" 50 6 34 1 0
"2902" 50 6 35 1 3
"2903" 50 6 36 0 0
"2904" 50 6 37 1 0
"2905" 50 6 38 1 0
"2906" 50 6 39 1 0
"2907" 50 6 40 1 0
"2908" 50 6 41 0 0
"2909" 50 6 42 1 0
"2910" 50 6 43 0 0
"2911" 50 6 44 1 3
"2912" 50 6 45 0 0
"2913" 50 6 46 1 0
"2914" 50 6 47 0 0
"2915" 50 6 48 1 0
"2916" 50 6 49 0 0
"2917" 50 6 50 1 3
"2918" 50 6 51 0 0
"2919" 50 6 52 1 0
"2920" 50 6 53 0 0
"2921" 50 6 54 0 0
"2922" 50 6 55 0 0
"2923" 50 6 56 1 0
"2924" 50 6 57 1 0
"2925" 50 6 58 1 3
"2926" 50 6 59 1 3
"2927" 50 6 60 1 3
"2928" 50 6 61 1 0
"2929" 50 6 62 1 0
"3079" 51 1 1 0 4
"3080" 51 1 2 1 3
"3081" 51 1 3 0 4
"3082" 51 1 4 1 3
"3083" 51 1 5 0 4
"3084" 51 1 6 1 3
"3085" 51 1 7 1 3
"3086" 51 1 8 0 4
"3087" 51 1 9 0 4
"3088" 51 1 10 1 3
"3046" 51 2 1 1 0
"3047" 51 2 2 0 4
"3048" 51 2 3 1 0
"3049" 51 2 4 0 0
"3050" 51 2 5 1 0
"3051" 51 2 6 0 0
"3052" 51 2 7 0 0
"3053" 51 2 8 0 0
"3054" 51 2 9 0 0
"3055" 51 2 10 0 0
"3056" 51 2 11 1 0
"3057" 51 2 12 1 3
"3058" 51 2 13 1 0
"3069" 51 3 1 0 -3
"3070" 51 3 2 1 -32
"3071" 51 3 3 0 -3
"3072" 51 3 4 1 0
"3073" 51 3 5 0 -3
"3074" 51 3 6 1 0
"3075" 51 3 7 1 0
"3076" 51 3 8 1 -32
"3077" 51 3 9 0 -3
"3078" 51 3 10 0 -3
"3015" 51 4 1 1 -4
"3016" 51 4 2 0 -3
"3017" 51 4 3 0 -3
"3018" 51 4 4 1 0
"3019" 51 4 5 1 0
"3020" 51 4 6 0 -3
"3021" 51 4 7 1 -4
"3022" 51 4 8 0 -3
"3023" 51 4 9 1 -4
"3024" 51 4 10 1 -4
"3025" 51 4 11 1 -4
"3026" 51 4 12 0 -3
"3027" 51 4 13 1 0
"3028" 51 4 14 0 -3
"3059" 51 5 1 0 0
"3060" 51 5 2 1 3
"3061" 51 5 3 0 0
"3062" 51 5 4 1 3
"3063" 51 5 5 0 0
"3064" 51 5 6 1 3
"3065" 51 5 7 0 0
"3066" 51 5 8 1 3
"3067" 51 5 9 0 0
"3068" 51 5 10 1 3
"3029" 51 6 1 1 3
"3030" 51 6 2 0 0
"3031" 51 6 3 1 0
"3032" 51 6 4 0 0
"3033" 51 6 5 1 0
"3034" 51 6 6 0 0
"3035" 51 6 7 1 0
"3036" 51 6 8 0 0
"3037" 51 6 9 0 0
"3038" 51 6 10 0 0
"3039" 51 6 11 0 0
"3040" 51 6 12 1 0
"3041" 51 6 13 1 0
"3042" 51 6 14 1 3
"3043" 51 6 15 1 0
"3044" 51 6 16 1 0
"3045" 51 6 17 1 3
"3194" 52 1 1 1 3
"3195" 52 1 2 1 3
"3196" 52 1 3 1 3
"3197" 52 1 4 1 3
"3198" 52 1 5 1 3
"3199" 52 1 6 1 3
"3200" 52 1 7 1 3
"3201" 52 1 8 1 3
"3202" 52 1 9 1 3
"3203" 52 1 10 1 3
"3204" 52 1 11 1 3
"3205" 52 1 12 0 0
"3206" 52 1 13 0 4
"3207" 52 1 14 0 0
"3208" 52 1 15 0 4
"3209" 52 1 16 0 4
"3210" 52 1 17 0 0
"3211" 52 1 18 0 4
"3212" 52 1 19 1 3
"3213" 52 1 20 0 4
"3214" 52 1 21 1 3
"3215" 52 1 22 0 4
"3216" 52 2 1 1 0
"3217" 52 2 2 1 0
"3218" 52 2 3 1 0
"3219" 52 2 4 1 0
"3220" 52 2 5 1 3
"3221" 52 2 6 1 3
"3222" 52 2 7 1 0
"3223" 52 2 8 0 0
"3224" 52 2 9 0 0
"3225" 52 2 10 0 0
"3226" 52 2 11 0 4
"3227" 52 2 12 0 0
"3228" 52 2 13 1 3
"3229" 52 2 14 0 0
"3230" 52 2 15 1 3
"3231" 52 2 16 0 0
"3089" 52 3 1 1 0
"3090" 52 3 2 0 -3
"3091" 52 3 3 0 -3
"3092" 52 3 4 1 0
"3093" 52 3 5 0 -3
"3094" 52 3 6 1 0
"3095" 52 3 7 1 -32
"3096" 52 3 8 1 0
"3097" 52 3 9 1 0
"3098" 52 3 10 1 -32
"3099" 52 3 11 1 0
"3100" 52 3 12 1 0
"3101" 52 3 13 1 -32
"3102" 52 3 14 1 0
"3103" 52 3 15 1 0
"3104" 52 3 16 1 0
"3105" 52 3 17 1 0
"3106" 52 3 18 1 0
"3107" 52 3 19 1 0
"3108" 52 3 20 1 0
"3109" 52 3 21 1 0
"3110" 52 3 22 1 0
"3111" 52 3 23 1 0
"3112" 52 3 24 0 -3
"3113" 52 3 25 0 -3
"3114" 52 3 26 0 -3
"3115" 52 3 27 0 -3
"3116" 52 3 28 0 -3
"3117" 52 3 29 0 -3
"3118" 52 3 30 0 -3
"3119" 52 3 31 0 -3
"3120" 52 3 32 0 -3
"3121" 52 3 33 1 0
"3122" 52 3 34 1 0
"3123" 52 3 35 0 -3
"3124" 52 3 36 1 0
"3125" 52 3 37 1 0
"3126" 52 3 38 0 -3
"3127" 52 3 39 1 0
"3128" 52 3 40 1 0
"3129" 52 3 41 1 0
"3130" 52 3 42 1 0
"3131" 52 3 43 1 -32
"3132" 52 3 44 0 -3
"3133" 52 3 45 1 0
"3134" 52 3 46 1 0
"3135" 52 3 47 1 0
"3136" 52 3 48 1 0
"3137" 52 3 49 1 0
"3138" 52 3 50 1 0
"3139" 52 3 51 1 0
"3140" 52 3 52 1 -32
"3141" 52 4 1 1 -4
"3142" 52 4 2 1 -4
"3143" 52 4 3 1 -4
"3144" 52 4 4 1 -4
"3145" 52 4 5 1 0
"3146" 52 4 6 1 -4
"3147" 52 4 7 0 -3
"3148" 52 4 8 0 -3
"3149" 52 4 9 0 -3
"3150" 52 4 10 0 -3
"3151" 52 4 11 0 -3
"3152" 52 4 12 0 -3
"3153" 52 4 13 0 -3
"3154" 52 4 14 0 -3
"3155" 52 4 15 0 -3
"3156" 52 4 16 1 -4
"3157" 52 4 17 0 -3
"3158" 52 4 18 1 -4
"3159" 52 4 19 1 -4
"3160" 52 4 20 1 -4
"3161" 52 4 21 1 -4
"3162" 52 4 22 1 0
"3232" 52 5 1 0 0
"3233" 52 5 2 0 0
"3234" 52 5 3 0 0
"3235" 52 5 4 0 0
"3236" 52 5 5 1 3
"3237" 52 5 6 1 3
"3238" 52 5 7 1 3
"3239" 52 5 8 1 3
"3240" 52 5 9 1 3
"3241" 52 5 10 1 3
"3242" 52 5 11 0 0
"3243" 52 5 12 1 3
"3244" 52 5 13 0 0
"3245" 52 5 14 1 3
"3163" 52 6 1 1 0
"3164" 52 6 2 1 0
"3165" 52 6 3 1 0
"3166" 52 6 4 1 0
"3167" 52 6 5 1 0
"3168" 52 6 6 1 0
"3169" 52 6 7 1 3
"3170" 52 6 8 1 0
"3171" 52 6 9 0 0
"3172" 52 6 10 0 0
"3173" 52 6 11 0 0
"3174" 52 6 12 0 0
"3175" 52 6 13 0 0
"3176" 52 6 14 0 0
"3177" 52 6 15 0 0
"3178" 52 6 16 0 0
"3179" 52 6 17 0 0
"3180" 52 6 18 0 0
"3181" 52 6 19 0 0
"3182" 52 6 20 1 0
"3183" 52 6 21 0 0
"3184" 52 6 22 1 0
"3185" 52 6 23 0 32
"3186" 52 6 24 1 0
"3187" 52 6 25 0 0
"3188" 52 6 26 1 3
"3189" 52 6 27 0 0
"3190" 52 6 28 1 0
"3191" 52 6 29 0 0
"3192" 52 6 30 1 3
"3193" 52 6 31 0 0
"3324" 53 1 1 0 0
"3325" 53 1 2 0 4
"3326" 53 1 3 0 0
"3327" 53 1 4 0 0
"3328" 53 1 5 0 4
"3329" 53 1 6 0 4
"3330" 53 1 7 0 4
"3331" 53 1 8 0 0
"3332" 53 1 9 0 4
"3333" 53 1 10 1 3
"3334" 53 1 11 1 3
"3335" 53 1 12 1 3
"3336" 53 1 13 1 3
"3337" 53 1 14 1 3
"3338" 53 1 15 1 3
"3339" 53 1 16 1 3
"3340" 53 1 17 1 3
"3341" 53 1 18 1 3
"3342" 53 1 19 1 3
"3246" 53 2 1 1 0
"3247" 53 2 2 0 0
"3248" 53 2 3 1 3
"3249" 53 2 4 1 0
"3250" 53 2 5 0 0
"3251" 53 2 6 0 0
"3252" 53 2 7 1 0
"3253" 53 2 8 0 4
"3254" 53 2 9 1 0
"3255" 53 2 10 0 0
"3256" 53 2 11 0 0
"3257" 53 2 12 0 0
"3258" 53 2 13 1 3
"3259" 53 2 14 0 0
"3260" 53 2 15 1 0
"3261" 53 2 16 1 0
"3262" 53 2 17 0 0
"3263" 53 2 18 0 0
"3264" 53 2 19 1 3
"3265" 53 2 20 1 3
"3266" 53 2 21 1 3
"3267" 53 2 22 1 0
"3268" 53 2 23 1 0
"3269" 53 2 24 0 0
"3270" 53 2 25 0 0
"3271" 53 2 26 0 0
"3272" 53 2 27 0 4
"3273" 53 2 28 0 0
"3274" 53 2 29 0 4
"3275" 53 2 30 0 4
"3276" 53 3 1 0 -3
"3277" 53 3 2 0 -3
"3278" 53 3 3 0 -3
"3279" 53 3 4 0 -3
"3280" 53 3 5 0 -3
"3281" 53 3 6 1 0
"3282" 53 3 7 1 0
"3283" 53 3 8 1 0
"3284" 53 3 9 1 0
"3285" 53 3 10 1 0
"3286" 53 3 11 1 0
"3287" 53 3 12 1 0
"3288" 53 3 13 1 0
"3289" 53 3 14 1 0
"3290" 53 3 15 1 -32
"3291" 53 3 16 1 0
"3292" 53 3 17 0 -3
"3293" 53 3 18 0 -3
"3294" 53 3 19 0 -3
"3295" 53 3 20 0 -3
"3296" 53 3 21 0 -3
"3297" 53 3 22 0 -3
"3298" 53 3 23 0 -3
"3299" 53 3 24 0 -3
"3300" 53 3 25 0 -3
"3301" 53 3 26 0 -3
"3302" 53 3 27 1 0
"3303" 53 4 1 1 -4
"3304" 53 4 2 1 -4
"3305" 53 4 3 1 0
"3306" 53 4 4 1 -4
"3307" 53 4 5 1 -4
"3308" 53 4 6 1 0
"3309" 53 4 7 1 0
"3310" 53 4 8 1 -4
"3311" 53 4 9 1 -4
"3312" 53 4 10 1 0
"3313" 53 4 11 0 -3
"3314" 53 4 12 0 -3
"3315" 53 4 13 0 -3
"3316" 53 4 14 0 -3
"3317" 53 4 15 0 -3
"3318" 53 4 16 0 -3
"3319" 53 4 17 0 -3
"3320" 53 4 18 0 -3
"3321" 53 4 19 0 -3
"3322" 53 4 20 0 -3
"3323" 53 4 21 0 -3
"3376" 53 5 1 0 0
"3377" 53 5 2 0 0
"3378" 53 5 3 0 0
"3379" 53 5 4 0 0
"3380" 53 5 5 0 0
"3381" 53 5 6 0 0
"3382" 53 5 7 0 0
"3383" 53 5 8 0 0
"3384" 53 5 9 0 0
"3385" 53 5 10 0 0
"3386" 53 5 11 0 0
"3387" 53 5 12 0 32
"3388" 53 5 13 0 0
"3389" 53 5 14 0 0
"3390" 53 5 15 1 3
"3391" 53 5 16 1 3
"3392" 53 5 17 1 3
"3393" 53 5 18 1 3
"3394" 53 5 19 1 3
"3395" 53 5 20 1 3
"3396" 53 5 21 1 3
"3397" 53 5 22 1 3
"3398" 53 5 23 1 3
"3399" 53 5 24 1 3
"3400" 53 5 25 1 3
"3401" 53 5 26 1 3
"3402" 53 5 27 1 3
"3403" 53 5 28 1 3
"3404" 53 5 29 1 3
"3405" 53 5 30 0 0
"3343" 53 6 1 0 0
"3344" 53 6 2 0 0
"3345" 53 6 3 0 0
"3346" 53 6 4 0 0
"3347" 53 6 5 0 0
"3348" 53 6 6 0 0
"3349" 53 6 7 0 0
"3350" 53 6 8 0 0
"3351" 53 6 9 0 0
"3352" 53 6 10 0 0
"3353" 53 6 11 0 0
"3354" 53 6 12 0 0
"3355" 53 6 13 1 3
"3356" 53 6 14 1 0
"3357" 53 6 15 1 0
"3358" 53 6 16 1 0
"3359" 53 6 17 1 3
"3360" 53 6 18 1 3
"3361" 53 6 19 1 0
"3362" 53 6 20 1 3
"3363" 53 6 21 1 3
"3364" 53 6 22 1 0
"3365" 53 6 23 1 0
"3366" 53 6 24 0 0
"3367" 53 6 25 0 0
"3368" 53 6 26 0 0
"3369" 53 6 27 0 0
"3370" 53 6 28 0 0
"3371" 53 6 29 0 0
"3372" 53 6 30 0 0
"3373" 53 6 31 0 0
"3374" 53 6 32 0 0
"3375" 53 6 33 0 0
"3444" 59 1 1 0 4
"3445" 59 1 2 1 3
"3442" 59 2 1 0 4
"3443" 59 2 2 1 3
"3410" 59 3 1 1 0
"3411" 59 3 2 1 0
"3412" 59 3 3 1 0
"3413" 59 3 4 1 0
"3414" 59 3 5 1 0
"3415" 59 3 6 0 -3
"3416" 59 3 7 1 0
"3417" 59 3 8 0 -3
"3418" 59 3 9 0 -3
"3419" 59 3 10 0 -3
"3420" 59 3 11 0 -3
"3421" 59 3 12 0 -3
"3422" 59 3 13 0 -3
"3423" 59 3 14 1 0
"3424" 59 3 15 0 -3
"3425" 59 3 16 1 0
"3426" 59 3 17 1 0
"3427" 59 3 18 0 -3
"3428" 59 3 19 1 0
"3429" 59 3 20 1 0
"3430" 59 3 21 0 -3
"3431" 59 3 22 0 -3
"3432" 59 3 23 1 0
"3433" 59 3 24 1 0
"3434" 59 4 1 0 -3
"3435" 59 4 2 1 -4
"3436" 59 4 3 1 -4
"3437" 59 4 4 0 -3
"3438" 59 5 1 0 0
"3439" 59 5 2 1 3
"3440" 59 5 3 0 0
"3441" 59 5 4 1 3
"3406" 59 6 1 0 0
"3407" 59 6 2 1 0
"3408" 59 6 3 0 0
"3409" 59 6 4 0 0
"3446" 60 1 1 1 3
"3447" 60 1 2 1 3
"3448" 60 1 3 1 3
"3449" 60 1 4 0 4
"3450" 60 1 5 1 3
"3451" 60 1 6 0 4
"3452" 60 2 1 0 0
"3453" 60 2 2 1 0
"3454" 60 2 3 0 0
"3455" 60 2 4 1 0
"3456" 60 2 5 0 0
"3457" 60 2 6 1 0
"3458" 60 2 7 0 0
"3459" 60 2 8 0 0
"3460" 60 2 9 0 0
"3461" 60 2 10 0 0
"3462" 60 2 11 0 0
"3463" 60 2 12 0 0
"3464" 60 2 13 1 3
"3465" 60 2 14 1 0
"3466" 60 2 15 0 0
"3467" 60 2 16 0 0
"3468" 60 2 17 0 0
"3469" 60 2 18 0 4
"3548" 60 3 1 1 0
"3549" 60 3 2 1 0
"3550" 60 3 3 1 0
"3551" 60 3 4 1 0
"3552" 60 3 5 1 0
"3553" 60 3 6 1 0
"3554" 60 3 7 1 0
"3555" 60 3 8 1 0
"3556" 60 3 9 1 0
"3557" 60 3 10 1 0
"3558" 60 3 11 1 0
"3559" 60 3 12 1 0
"3560" 60 3 13 1 0
"3561" 60 3 14 1 0
"3562" 60 3 15 0 -3
"3563" 60 3 16 0 -3
"3564" 60 3 17 0 -3
"3565" 60 3 18 0 -3
"3566" 60 3 19 0 -3
"3567" 60 3 20 0 -3
"3568" 60 3 21 0 -3
"3569" 60 3 22 0 -3
"3570" 60 3 23 0 -3
"3571" 60 3 24 1 0
"3572" 60 3 25 0 -3
"3496" 60 4 1 0 -3
"3497" 60 4 2 0 -3
"3498" 60 4 3 0 -3
"3499" 60 4 4 0 -3
"3500" 60 4 5 0 -3
"3501" 60 4 6 0 -3
"3502" 60 4 7 0 -3
"3503" 60 4 8 0 -3
"3504" 60 4 9 1 -4
"3505" 60 4 10 1 0
"3506" 60 4 11 1 -4
"3507" 60 4 12 1 -4
"3508" 60 4 13 1 -4
"3509" 60 4 14 1 0
"3510" 60 4 15 1 -4
"3511" 60 4 16 1 -4
"3512" 60 4 17 1 -4
"3513" 60 4 18 1 0
"3514" 60 4 19 1 -4
"3515" 60 4 20 1 -4
"3516" 60 4 21 1 0
"3517" 60 4 22 1 -4
"3518" 60 4 23 0 -3
"3519" 60 5 1 0 0
"3520" 60 5 2 0 32
"3521" 60 5 3 0 0
"3522" 60 5 4 0 0
"3523" 60 5 5 0 0
"3524" 60 5 6 0 0
"3525" 60 5 7 0 0
"3526" 60 5 8 0 0
"3527" 60 5 9 0 0
"3528" 60 5 10 0 0
"3529" 60 5 11 0 0
"3530" 60 5 12 0 32
"3531" 60 5 13 1 3
"3532" 60 5 14 1 3
"3533" 60 5 15 1 3
"3534" 60 5 16 1 3
"3535" 60 5 17 1 3
"3536" 60 5 18 1 3
"3537" 60 5 19 1 3
"3538" 60 5 20 0 0
"3539" 60 5 21 0 0
"3540" 60 5 22 0 0
"3541" 60 5 23 0 0
"3542" 60 5 24 0 0
"3543" 60 5 25 0 0
"3544" 60 5 26 0 0
"3545" 60 5 27 0 0
"3546" 60 5 28 0 0
"3547" 60 5 29 0 32
"3470" 60 6 1 1 0
"3471" 60 6 2 1 0
"3472" 60 6 3 1 0
"3473" 60 6 4 1 0
"3474" 60 6 5 1 0
"3475" 60 6 6 1 3
"3476" 60 6 7 1 0
"3477" 60 6 8 0 0
"3478" 60 6 9 0 0
"3479" 60 6 10 0 0
"3480" 60 6 11 0 0
"3481" 60 6 12 0 0
"3482" 60 6 13 0 0
"3483" 60 6 14 0 0
"3484" 60 6 15 0 0
"3485" 60 6 16 0 0
"3486" 60 6 17 0 0
"3487" 60 6 18 0 0
"3488" 60 6 19 0 0
"3489" 60 6 20 0 0
"3490" 60 6 21 0 0
"3491" 60 6 22 1 0
"3492" 60 6 23 1 0
"3493" 60 6 24 1 0
"3494" 60 6 25 1 0
"3495" 60 6 26 1 3
