      OutA1 PrbA1 OutA2 PrbA2   OutB1 PrbB1 OutB2 PrbB2
1       3.0 1.000     0 0.000     4.0 0.800     0 0.200
2      -3.0 1.000     0 0.000    -4.0 0.800     0 0.200
3       3.0 0.250     0 0.750     4.0 0.200     0 0.800
4      -4.0 0.200     0 0.800    -3.0 0.250     0 0.750
5       3.0 1.000     0 0.000    32.0 0.100     0 0.900
6     -32.0 0.100     0 0.900    -3.0 0.100     0 0.900
7       3.0 0.250     0 0.750    32.0 0.025     0 0.975
8     -32.0 0.025     0 0.975    -3.0 0.250     0 0.750
9       0.5 0.750     0 0.250     6.0 0.150     0 0.850
10     -6.0 0.150     0 0.850    -0.5 0.750     0 0.250
11      0.9 0.700     0 0.300    13.0 0.150     0 0.850
12    -13.0 0.150     0 0.850    -0.9 0.700     0 0.300
13    770.0 0.100    20 0.900   400.0 0.100   320 0.900
14    770.0 0.200    20 0.800   400.0 0.200   320 0.800
15    770.0 0.300    20 0.700   400.0 0.300   320 0.700
16    770.0 0.400    20 0.600   400.0 0.400   320 0.600
17    770.0 0.500    20 0.500   400.0 0.500   320 0.500
18    770.0 0.600    20 0.400   400.0 0.600   320 0.400
19    770.0 0.700    20 0.300   400.0 0.700   320 0.300
20    770.0 0.800    20 0.200   400.0 0.800   320 0.200
21    770.0 0.900    20 0.100   400.0 0.900   320 0.100
22    770.0 1.000     0 0.000   400.0 1.000     0 0.000
23   -770.0 0.100   -20 0.900  -400.0 0.100  -320 0.900
24   -770.0 0.200   -20 0.800  -400.0 0.200  -320 0.800
25   -770.0 0.300   -20 0.700  -400.0 0.300  -320 0.700
26   -770.0 0.400   -20 0.600  -400.0 0.400  -320 0.600
27   -770.0 0.500   -20 0.500  -400.0 0.500  -320 0.500
28   -770.0 0.600   -20 0.400  -400.0 0.600  -320 0.400
29   -770.0 0.700   -20 0.300  -400.0 0.700  -320 0.300
30   -770.0 0.800   -20 0.200  -400.0 0.800  -320 0.200
31   -770.0 0.900   -20 0.100  -400.0 0.900  -320 0.100
32   -770.0 1.000     0 0.000  -400.0 1.000     0 0.000
33      0.0 1.000     0 0.000  -100.0 0.500    50 0.500
34      0.0 1.000     0 0.000  -100.0 0.500   100 0.500
35      0.0 1.000     0 0.000  -100.0 0.500   150 0.500
36      0.0 1.000     0 0.000  -100.0 0.500   200 0.500
37      0.0 1.000     0 0.000  -100.0 0.500   220 0.500
38      0.0 1.000     0 0.000  -100.0 0.500   240 0.500
39      0.0 1.000     0 0.000  -100.0 0.500   300 0.500
40      0.0 1.000     0 0.000  -100.0 0.500   400 0.500
41    470.0 0.420   640 0.580   240.0 0.340   590 0.660
42    570.0 0.200   940 0.800   790.0 0.880   820 0.120
43    230.0 0.440   310 0.560   620.0 0.740     0 0.260
44    680.0 0.950   950 0.050   560.0 0.050   720 0.950
45     70.0 0.430   970 0.570   840.0 0.250   430 0.750
46    550.0 0.710   630 0.290    70.0 0.280   740 0.720
47    130.0 0.760   900 0.240   560.0 0.090   190 0.910
48    560.0 0.980    80 0.020   410.0 0.630   180 0.370
49    670.0 0.390   630 0.610   720.0 0.880   290 0.120
50     60.0 0.600   450 0.400   370.0 0.610   500 0.390
51    440.0 0.150   290 0.850   540.0 0.080   310 0.920
52    430.0 0.630   530 0.370   630.0 0.920    50 0.080
53    390.0 0.320   560 0.680   320.0 0.780   990 0.220
54    150.0 0.790   290 0.210   660.0 0.160   230 0.840
55    920.0 0.980   190 0.020   520.0 0.120   730 0.880
56    530.0 0.290   910 0.710   880.0 0.290   780 0.710
57    160.0 0.840   910 0.160   390.0 0.310   510 0.690
58   1000.0 0.350   500 0.650   700.0 0.170   650 0.830
59    370.0 0.640   650 0.360   800.0 0.910   190 0.090
60    770.0 0.480    60 0.520   830.0 0.090   670 0.910
61     90.0 0.210   310 0.790   140.0 0.440   720 0.560
62   1000.0 0.850    20 0.150   410.0 0.680   650 0.320
63   -560.0 0.720  -830 0.280  -150.0 0.160  -670 0.840
64   -320.0 0.700  -370 0.300  -190.0 0.130  -560 0.870
65   -460.0 0.050  -440 0.950  -670.0 0.290  -280 0.710
66   -460.0 0.170  -640 0.830  -400.0 0.820  -900 0.180
67   -380.0 0.760  -990 0.240  -250.0 0.290  -860 0.710
68   -990.0 0.420  -370 0.580  -460.0 0.600  -210 0.400
69   -480.0 0.280  -740 0.720  -150.0 0.480  -910 0.520
70   -520.0 0.800  -930 0.200  -930.0 0.530  -260 0.470
71   -330.0 0.770  -300 0.230   -10.0 0.490  -540 0.510
72   -150.0 0.440  -620 0.560  -240.0 0.990  -130 0.010
73      0.0 0.460  -970 0.540  -670.0 0.790  -370 0.210
74   -580.0 0.860  -970 0.140  -580.0 0.560  -800 0.440
75   -120.0 0.170  -690 0.830  -960.0 0.630  -380 0.370
76   -300.0 0.470  -610 0.530  -550.0 0.590  -770 0.410
77  -1000.0 0.550  -280 0.450  -290.0 0.130  -760 0.870
78   -630.0 0.250  -300 0.750  -570.0 0.840  -900 0.160
79   -170.0 0.260  -430 0.740  -290.0 0.860  -300 0.140
80   -420.0 0.930  -300 0.070   -80.0 0.660  -950 0.340
81   -570.0 0.760  -280 0.240  -350.0 0.390  -720 0.610
82   -480.0 0.770  -340 0.230  -260.0 0.510  -760 0.490
83   -420.0 0.170  -700 0.830  -730.0 0.730  -540 0.270
84   -970.0 0.780  -340 0.220  -660.0 0.490  -920 0.510
85   -830.0 0.270   240 0.730  -910.0 0.430   630 0.570
86    380.0 0.910  -730 0.090  -820.0 0.060   540 0.940
87   -850.0 0.650   930 0.350  -700.0 0.790   980 0.210
88    230.0 0.870  -390 0.130   -80.0 0.370   520 0.630
89    710.0 0.500  -260 0.500   960.0 0.610  -670 0.390
90   -690.0 0.020   140 0.980  -470.0 0.430   630 0.570
91     80.0 0.300  -370 0.700  -700.0 0.390   190 0.610
92   -730.0 0.470   150 0.530 -1000.0 0.590   810 0.410
93    160.0 0.110  -480 0.890  -730.0 0.920   960 0.080
94    260.0 0.360  -480 0.640  -310.0 0.890   270 0.110
95     80.0 0.800  -880 0.200  -390.0 0.860   830 0.140
96    750.0 0.670   -70 0.330   770.0 0.740  -230 0.260
97     90.0 0.270  -670 0.730  -330.0 0.910   280 0.090
98    960.0 0.870  -890 0.130   750.0 0.930  -900 0.070
99    740.0 0.680   -20 0.320   670.0 0.990   -30 0.010
100  -400.0 0.400   960 0.600   580.0 0.480   -50 0.520
101  -130.0 0.480   990 0.520  -550.0 0.070   950 0.930
102  -890.0 0.680   460 0.320  -510.0 0.970   300 0.030
103  -390.0 0.600   310 0.400  -260.0 0.860   820 0.140
104  -860.0 0.800   140 0.200  -900.0 0.880   880 0.120
105  -690.0 0.880   830 0.120  -780.0 0.870   450 0.130
106  -600.0 0.490   840 0.510   170.0 0.960  -480 0.040
107     0.0 1.000     0 0.000   100.0 0.500  -100 0.500
108   100.0 1.000     0 0.000   200.0 0.500     0 0.500
109     0.0 1.000     0 0.000   200.0 0.500  -200 0.500
110   200.0 1.000     0 0.000   400.0 0.500     0 0.500
111    40.0 1.000     0 0.000   140.0 0.500   -60 0.500
112   140.0 1.000     0 0.000   240.0 0.500    40 0.500
113    20.0 0.500   -20 0.500   100.0 0.500  -100 0.500
114   120.0 0.500    80 0.500   200.0 0.500     0 0.500